0.000000,0.002981,-0.000818,0.000662,0.002068,0.028814
1.000000,0.003801,-0.002350,0.000598,0.001440,-0.004610
2.000000,0.008125,-0.000555,0.000543,0.001803,0.009528
3.000000,0.005021,-0.002200,0.000066,0.001487,-0.010523
4.000000,0.002047,-0.001165,-0.000483,0.000882,-0.012976
5.000000,-0.002647,0.000167,-0.000267,0.000730,0.005344
6.000000,-0.000914,0.001444,-0.000508,0.000661,0.004056
7.000000,-0.003232,0.002447,-0.000792,0.000446,-0.002059
8.000000,0.000000,0.002511,0.000083,0.000204,0.005636
9.000000,0.002111,0.002079,0.000128,0.000163,-0.002419
10.000000,0.001129,-0.000759,-0.000789,0.000188,0.000434
11.000000,0.001392,0.000239,-0.001055,0.000478,0.005368
12.000000,0.002708,-0.000262,-0.000408,0.000274,0.004520
13.000000,0.004253,0.002126,-0.000037,0.000753,0.013361
14.000000,0.003893,0.003002,0.000918,0.000679,-0.004219
15.000000,0.004325,0.002727,0.001447,0.000731,0.002597
16.000000,0.003038,0.002215,0.001829,0.000399,-0.001070
17.000000,0.002835,0.002771,0.002609,0.000396,0.003505
18.000000,-0.000065,0.002094,0.002302,0.000753,-0.001139
19.000000,0.000000,0.001946,0.002013,0.000734,-0.003892
20.000000,0.001486,0.002905,0.001073,0.000443,0.010024
21.000000,0.003493,0.003265,0.001752,0.000385,0.008969
22.000000,0.000225,0.001530,0.000634,0.000238,-0.012837
23.000000,0.001259,0.000597,0.001361,0.000174,0.004029
24.000000,0.001296,0.000648,0.001825,0.000828,-0.003706
25.000000,-0.000451,0.000517,0.001622,0.001137,0.001291
26.000000,-0.000600,0.001446,0.001831,0.001702,0.008222
27.000000,0.001576,0.000901,0.001836,0.002039,-0.001953
28.000000,0.001762,0.001510,0.001802,0.002038,0.004955
29.000000,0.002375,0.001836,0.001891,0.001954,-0.000638
30.000000,0.001633,0.000591,0.001748,0.000912,-0.002422
31.000000,0.000390,-0.000105,0.001580,0.001133,0.002007
32.000000,0.002630,0.002103,0.001816,0.001124,0.009246
33.000000,0.001069,0.001415,0.001006,0.001379,-0.002851
34.000000,0.000194,0.001285,0.000966,0.001645,-0.005011
35.000000,0.002010,0.001821,0.001169,0.001689,0.006659
36.000000,-0.000172,0.000109,0.000778,0.001257,-0.008906
37.000000,-0.001511,0.000559,0.000730,0.001410,0.002553
38.000000,-0.001579,-0.000255,0.000627,0.001116,-0.003192
39.000000,-0.000130,0.000032,0.000934,0.001271,0.002235
40.000000,-0.001564,0.000223,0.000407,0.001240,-0.000510
41.000000,0.001394,0.000611,0.000253,0.001257,0.005884
42.000000,0.001398,-0.000057,0.001023,0.001192,0.002573
43.000000,0.002131,0.000276,0.000845,0.000762,0.000471
44.000000,0.001348,0.000609,0.000947,0.000847,-0.001678
45.000000,0.002864,0.000650,0.001236,0.000996,0.007072
46.000000,0.002216,0.001805,0.000957,0.001120,0.002639
47.000000,0.001426,0.001412,0.000986,0.000957,-0.001375
48.000000,0.001691,0.001911,0.000828,0.001055,0.001799
49.000000,0.002506,0.001927,0.000979,0.001265,0.002396
50.000000,0.000997,0.001931,0.001077,0.000915,-0.000476
51.000000,-0.000666,0.000775,0.000693,0.000427,-0.005676
52.000000,-0.000732,0.000347,0.000145,0.000798,-0.001701
53.000000,0.000729,0.001210,0.000743,0.000967,0.009104
54.000000,-0.000501,0.001002,0.000806,0.000965,-0.003757
55.000000,0.000033,0.000515,0.000582,0.000995,0.002193
56.000000,0.000478,-0.000094,0.000855,0.000606,-0.003449
57.000000,0.001483,0.000376,0.000894,0.000782,0.003324
58.000000,-0.000238,0.000246,0.001078,0.000634,0.000501
59.000000,0.002059,0.000779,0.001353,0.000913,0.007726
60.000000,0.001124,0.000578,0.001254,0.000911,-0.002484
61.000000,0.002193,0.001335,0.001055,0.000907,0.001897
62.000000,0.001021,0.001252,0.000800,0.000514,-0.002535
63.000000,0.001856,0.000809,0.001010,0.000765,0.004676
64.000000,0.001547,0.001803,0.001403,0.001138,0.006180
65.000000,0.002228,0.001676,0.001095,0.000947,0.000924
66.000000,0.003015,0.002604,0.001255,0.001438,0.005831
67.000000,0.005883,0.003452,0.001914,0.001747,0.011803
68.000000,0.006063,0.003960,0.002103,0.002039,0.005579
69.000000,0.005590,0.003568,0.002174,0.002091,0.003812
70.000000,-0.000546,0.000841,0.000710,0.001117,-0.029752
71.000000,0.000660,0.001838,0.001586,0.001316,0.011858
72.000000,-0.002789,0.001547,0.001399,0.001049,-0.005444
73.000000,-0.003844,0.001110,0.000959,0.001043,0.000307
74.000000,-0.001806,0.001892,0.001848,0.001566,0.014003
75.000000,0.006310,0.002882,0.002279,0.001691,0.010824
76.000000,0.006316,0.003488,0.003046,0.001999,0.011891
77.000000,0.007228,0.002219,0.002835,0.002016,-0.000887
78.000000,0.007757,0.001956,0.002958,0.002054,0.002953
79.000000,0.003827,0.001010,0.002289,0.001786,-0.005648
80.000000,0.002850,0.004580,0.002711,0.002000,0.005943
81.000000,0.001707,0.004011,0.002924,0.002395,0.006172
82.000000,-0.001365,0.002931,0.002239,0.001910,-0.016246
83.000000,-0.000236,0.003760,0.002435,0.001893,0.008599
84.000000,0.002407,0.003117,0.002504,0.002271,0.007568
85.000000,-0.001064,0.000893,0.001888,0.001817,-0.011414
86.000000,-0.000240,0.000733,0.002111,0.002275,0.010291
87.000000,0.002662,0.000649,0.001434,0.002107,-0.001732
88.000000,-0.000817,-0.000526,0.000715,0.001797,-0.008796
89.000000,-0.002591,-0.000092,0.000459,0.001496,-0.001305
90.000000,-0.000119,-0.000591,0.001994,0.001610,0.000949
91.000000,0.000129,-0.000056,0.001978,0.001931,0.011529
92.000000,0.002651,0.002656,0.002794,0.002378,0.010876
93.000000,0.003138,0.001161,0.002461,0.002010,-0.006356
94.000000,0.003448,0.000428,0.001773,0.001812,0.000242
95.000000,0.003236,0.001559,0.001226,0.001778,-0.000111
96.000000,0.001978,0.001053,0.000893,0.001758,0.005239
97.000000,-0.003534,-0.000442,0.000103,0.000809,-0.016684
98.000000,-0.004698,-0.000780,-0.000653,0.000217,-0.012175
99.000000,-0.004806,-0.000679,-0.000386,0.000080,-0.000299
100.000000,-0.004963,-0.000863,-0.000727,0.001042,-0.000894
101.000000,-0.009816,-0.003919,-0.001987,0.000012,-0.019028
102.000000,-0.004658,-0.004096,-0.000720,0.000497,0.009108
103.000000,-0.002405,-0.003551,-0.001195,0.000457,-0.000910
104.000000,-0.002043,-0.003424,-0.001498,0.000040,0.001511
105.000000,-0.003806,-0.004384,-0.001413,-0.000644,-0.009709
106.000000,-0.000303,-0.005059,-0.002003,-0.001091,-0.001513
107.000000,-0.000545,-0.002601,-0.001522,-0.000798,0.007895
108.000000,0.000332,-0.001036,-0.000908,-0.000781,0.003478
109.000000,0.000422,-0.000811,-0.000745,-0.000527,0.001957
110.000000,0.000244,-0.001781,-0.001322,-0.001079,-0.010598
111.000000,-0.000948,-0.000625,-0.002272,-0.001533,-0.007470
112.000000,0.000363,-0.000091,-0.002093,-0.000510,0.014449
113.000000,-0.000878,-0.000273,-0.001912,-0.000888,-0.002728
114.000000,-0.003341,-0.001460,-0.002442,-0.001485,-0.010360
115.000000,0.002542,0.001393,-0.001496,-0.000478,0.018817
116.000000,0.002648,0.000850,-0.002105,-0.001052,-0.006939
117.000000,-0.008361,-0.003999,-0.003300,-0.002347,-0.040595
118.000000,-0.007664,-0.004271,-0.002654,-0.002029,0.000756
119.000000,-0.006603,-0.004972,-0.002891,-0.002154,-0.005054
120.000000,-0.010164,-0.003811,-0.002796,-0.002152,0.001013
121.000000,-0.007493,-0.002422,-0.001524,-0.002322,0.006417
122.000000,0.003271,-0.002545,-0.001318,-0.002244,0.013223
123.000000,0.004671,-0.001497,-0.000885,-0.001774,0.007755
124.000000,0.003702,-0.001450,-0.001455,-0.002112,-0.009898
125.000000,0.003251,-0.003457,-0.001032,-0.002149,-0.001244
126.000000,0.003826,-0.001833,-0.000492,-0.002014,0.009294
127.000000,0.001366,0.002319,-0.000840,-0.001427,0.000925
128.000000,0.003176,0.003923,-0.000174,-0.000461,0.016802
129.000000,0.006304,0.005003,0.000015,-0.000260,0.005742
130.000000,0.007177,0.005214,0.000702,-0.000126,0.003125
131.000000,0.008039,0.005933,0.001755,0.000962,0.013602
132.000000,0.009270,0.005318,0.001387,0.000894,0.007081
133.000000,0.007507,0.005341,0.001922,0.001191,0.007983
134.000000,0.008214,0.007259,0.002904,0.001450,0.009279
135.000000,0.008123,0.007650,0.002097,0.001862,0.002670
136.000000,0.007706,0.007872,0.003020,0.002296,0.011515
137.000000,0.007173,0.008222,0.005270,0.002180,0.004416
138.000000,0.005681,0.006594,0.005259,0.002082,0.000525
139.000000,0.003613,0.005913,0.005458,0.001981,-0.001064
140.000000,-0.000014,0.004054,0.004634,0.001819,-0.015464
141.000000,0.000363,0.004034,0.004984,0.002515,0.013404
142.000000,-0.001604,0.002784,0.004051,0.001853,-0.005420
143.000000,-0.001219,0.002231,0.003786,0.002025,0.002451
144.000000,-0.002090,0.000761,0.004010,0.002190,-0.005419
145.000000,0.000852,0.000419,0.004034,0.001537,-0.000758
146.000000,-0.001256,-0.000446,0.003713,0.001864,0.002867
147.000000,-0.000923,-0.001264,0.003479,0.003092,-0.003757
148.000000,-0.001753,-0.001486,0.002554,0.003010,-0.001700
149.000000,-0.001940,-0.002015,0.001949,0.002967,-0.006350
150.000000,-0.001556,-0.000352,0.001851,0.002972,0.001158
151.000000,-0.002535,-0.001896,0.001069,0.002691,-0.002028
152.000000,-0.002656,-0.001789,0.000498,0.002104,-0.004359
153.000000,-0.003191,-0.002472,-0.000121,0.001700,-0.004378
154.000000,-0.002815,-0.002377,-0.000808,0.001881,-0.004470
155.000000,-0.005218,-0.003387,-0.001484,0.001561,-0.010856
156.000000,-0.009014,-0.005775,-0.003110,0.000550,-0.021009
157.000000,-0.011433,-0.007044,-0.004154,-0.000029,-0.016452
158.000000,-0.012018,-0.007605,-0.004545,-0.000832,-0.007303
159.000000,-0.009122,-0.005968,-0.003991,-0.000690,0.010013
160.000000,-0.008928,-0.007073,-0.003713,-0.001124,-0.009889
161.000000,-0.003550,-0.006282,-0.004089,-0.001381,0.005883
162.000000,0.000542,-0.005446,-0.003617,-0.001484,0.004006
163.000000,0.001695,-0.005162,-0.003817,-0.001801,-0.001539
164.000000,-0.002538,-0.005830,-0.004103,-0.002482,-0.011149
165.000000,-0.000549,-0.004739,-0.004063,-0.002569,0.000053
166.000000,-0.000618,-0.002084,-0.003929,-0.002768,0.005537
167.000000,-0.003162,-0.001310,-0.004177,-0.003206,-0.008712
168.000000,-0.005053,-0.001679,-0.004642,-0.003590,-0.010991
169.000000,-0.003963,-0.003250,-0.004609,-0.003744,-0.005702
170.000000,-0.004725,-0.002637,-0.004855,-0.003354,-0.003755
171.000000,-0.004573,-0.002596,-0.004439,-0.003591,0.006297
172.000000,-0.002198,-0.002680,-0.004063,-0.003305,0.003160
173.000000,0.001259,-0.001897,-0.003529,-0.003177,0.006297
174.000000,0.002274,-0.000844,-0.003337,-0.003017,-0.000628
175.000000,0.002900,-0.000913,-0.002826,-0.003013,-0.000628
176.000000,0.002750,-0.000911,-0.001498,-0.002923,0.005550
177.000000,0.000063,-0.001068,-0.001189,-0.003141,-0.010275
178.000000,0.000139,0.000699,-0.000490,-0.002861,0.006675
179.000000,0.004054,0.003164,-0.000043,-0.002018,0.018949
180.000000,0.005473,0.004186,0.000775,-0.001841,0.006467
181.000000,0.003241,0.002996,0.000200,-0.001961,-0.005608
182.000000,0.008009,0.004036,0.000678,-0.001363,0.013564
183.000000,0.007547,0.003843,0.000973,-0.001072,0.004362
184.000000,0.002131,0.003092,0.001124,-0.001194,-0.008131
185.000000,0.001263,0.003368,0.001228,-0.000761,0.002129
186.000000,0.001593,0.002417,0.000753,-0.000193,-0.003958
187.000000,-0.000998,0.003506,0.001219,0.000376,0.000610
188.000000,-0.000109,0.003719,0.002209,0.000913,0.008803
189.000000,0.001047,0.001589,0.002377,0.000501,-0.002348
190.000000,-0.002643,-0.000690,0.001748,0.000287,-0.016320
191.000000,-0.001642,-0.000025,0.001486,0.000125,0.001043
192.000000,-0.002207,-0.001602,0.001217,-0.000082,-0.002214
193.000000,-0.005267,-0.002688,0.000577,-0.000247,-0.006495
194.000000,-0.003683,-0.001318,0.000887,0.000310,0.005569
195.000000,0.001122,-0.000760,0.001304,0.000565,0.007706
196.000000,0.002008,0.000183,0.001300,0.000563,0.005475
197.000000,0.002025,-0.000091,0.001707,0.000782,-0.002131
198.000000,0.003079,-0.001094,0.001312,0.001108,-0.001224
199.000000,0.002916,-0.000384,0.000603,0.001456,0.004755
200.000000,0.005731,0.003426,0.001368,0.002308,0.021780
201.000000,0.007355,0.004681,0.002328,0.002551,0.013594
202.000000,0.008460,0.005242,0.001820,0.002559,0.003396
203.000000,0.010185,0.006632,0.001972,0.002595,0.007400
204.000000,0.009658,0.006287,0.002485,0.002687,0.002123
205.000000,0.004582,0.005156,0.002198,0.002588,-0.003602
206.000000,0.004297,0.005826,0.003004,0.002809,0.012168
207.000000,0.004363,0.006412,0.003160,0.003275,0.003728
208.000000,0.002195,0.006190,0.002548,0.002938,-0.003440
209.000000,0.002115,0.005887,0.002752,0.002364,0.001722
210.000000,-0.000169,0.002207,0.002817,0.001648,-0.015021
211.000000,-0.004674,-0.000188,0.002247,0.001489,-0.010356
212.000000,-0.002535,0.000914,0.003078,0.001518,0.014422
213.000000,-0.002054,0.000071,0.003351,0.001338,-0.001035
214.000000,-0.002771,-0.000328,0.002980,0.001547,-0.001865
215.000000,0.000302,0.000067,0.002612,0.001488,0.000346
216.000000,0.001955,-0.001359,0.002233,0.001550,-0.002094
217.000000,-0.001384,-0.001960,0.002226,0.001454,-0.002274
218.000000,-0.002653,-0.002353,0.001918,0.000914,-0.007379
219.000000,-0.002340,-0.002555,0.001666,0.000983,-0.000297
220.000000,-0.001998,-0.000848,0.000680,0.001595,0.002057
221.000000,-0.002225,-0.000135,-0.000162,0.001453,-0.003234
222.000000,-0.000479,-0.000932,-0.000009,0.001742,0.006460
223.000000,0.000293,-0.001180,-0.000555,0.001841,-0.003520
224.000000,-0.000566,-0.001453,-0.000890,0.001502,-0.004591
225.000000,0.000066,-0.000966,-0.000449,0.001419,0.005216
226.000000,-1234.000000,-1234.000000,-1234.000000,-1234.000000,-1234.000000
227.000000,0.000306,-0.000130,-0.001093,0.001495,-1234.000000
228.000000,-0.000661,-0.000131,-0.001301,0.001282,-0.007391
229.000000,-0.000263,-0.000431,-0.001549,0.001015,-0.002995
230.000000,0.001161,0.000553,-0.000184,0.000640,0.010912
231.000000,-0.001598,-0.000492,-0.000304,-0.000264,-0.012638
232.000000,-0.004863,-0.002565,-0.001705,-0.000802,-0.012201
233.000000,-0.004586,-0.002842,-0.001967,-0.001264,-0.006006
234.000000,-0.001886,-0.001165,-0.001316,-0.000975,0.010502
235.000000,-0.001990,-0.000589,-0.000787,-0.000493,0.010393
236.000000,-0.001127,-0.001363,-0.001115,-0.001199,-0.008323
237.000000,-0.000300,-0.002581,-0.001420,-0.001606,-0.008063
238.000000,-0.001391,-0.002988,-0.001635,-0.001883,-0.011463
239.000000,0.002516,0.000315,-0.000038,-0.000906,0.030039
240.000000,0.001406,-0.000292,0.000108,-0.000221,0.004839
241.000000,0.004116,0.001494,0.000553,0.000316,0.005226
242.000000,0.005851,0.002775,0.000246,-0.000160,0.000612
243.000000,0.010747,0.004678,0.001116,0.000324,0.013019
244.000000,0.003470,0.002993,0.001024,0.000170,-0.006344
245.000000,0.003714,0.002560,0.001068,0.000367,0.006056
246.000000,0.004158,0.004137,0.001387,0.000696,0.007445
247.000000,0.003812,0.004831,0.001125,0.000736,-0.001116
248.000000,0.000900,0.005823,0.001418,0.000937,-0.001541
249.000000,0.001797,0.002634,0.001474,0.000883,-0.001859
250.000000,0.000000,0.001857,0.000782,0.000711,-0.002928
251.000000,-0.000114,0.002022,0.001758,0.001060,0.006877
252.000000,-0.003754,0.000029,0.001402,0.000171,-0.019317
253.000000,-0.002922,-0.001011,0.001833,0.000383,0.002617
254.000000,-0.003016,-0.000609,0.001192,0.000461,-0.002326
255.000000,-0.001038,-0.000519,0.001020,0.000521,0.006958
256.000000,-0.004034,-0.002074,0.001032,0.000233,-0.008099
257.000000,-0.000116,-0.001935,0.001448,0.000105,0.000268
258.000000,0.001844,-0.000539,0.002642,0.000765,0.012419
259.000000,-0.000175,-0.001595,0.000519,0.000451,-0.012419
260.000000,-0.000150,-0.000594,0.000631,0.000324,0.007082
261.000000,0.002077,-0.000979,0.000522,0.000846,0.003032
262.000000,0.001382,0.000633,0.000331,0.001146,-0.003206
263.000000,-0.000282,0.000781,-0.000115,0.001483,0.004099
264.000000,0.003683,0.001754,0.000572,0.001379,0.007406
265.000000,0.002848,0.001349,0.000415,0.001130,0.002910
266.000000,0.001408,0.001742,-0.000166,0.001268,-0.004169
267.000000,0.000679,0.001031,-0.000452,0.001309,-0.006850
268.000000,-0.000866,-0.000574,-0.000556,0.001570,-0.003625
269.000000,-0.003508,0.000087,-0.000754,0.000375,-0.005807
270.000000,-0.004778,-0.000965,-0.000779,0.000099,-0.003440
271.000000,-0.001345,0.000032,-0.000473,0.000358,0.012999
272.000000,-0.001015,-0.000168,0.000232,0.000165,-0.005202
273.000000,-0.003680,-0.002273,-0.000746,-0.000834,-0.016950
274.000000,-0.003642,-0.003575,-0.000910,-0.000810,-0.005616
275.000000,-0.003964,-0.004371,-0.001511,-0.001180,-0.005051
276.000000,-0.005850,-0.003597,-0.000928,-0.001310,0.003568
277.000000,-0.004928,-0.002972,-0.000971,-0.001292,-0.000594
278.000000,-0.000886,-0.002283,-0.001428,-0.001132,0.003262
279.000000,0.001641,-0.001000,-0.000456,-0.000836,0.007021
280.000000,0.002487,-0.000739,-0.000852,-0.000766,-0.000823
281.000000,0.004868,-0.000491,-0.000230,-0.000479,0.015473
282.000000,0.005790,0.000431,0.000131,0.000299,0.004019
283.000000,0.006179,0.002646,0.000187,0.000385,0.005206
284.000000,0.003681,0.002661,-0.000457,0.000280,-0.005468
285.000000,0.005799,0.004143,-0.000114,0.000374,0.009767
286.000000,0.002762,0.003815,0.000109,0.000653,0.000286
287.000000,0.001329,0.003559,0.000294,0.000539,-0.003148
288.000000,0.000494,0.003337,0.000527,0.000160,0.001034
289.000000,0.000904,0.002292,0.000646,0.000460,-0.003422
290.000000,-0.002069,0.001865,0.000563,0.000054,-0.005095
291.000000,-0.001344,0.000709,0.000109,0.000083,0.003911
292.000000,-0.002132,-0.000402,0.000014,-0.000046,-0.007090
293.000000,0.000880,0.000687,0.001667,0.000354,0.016095
294.000000,-0.000500,0.000202,0.001431,-0.000237,-0.010321
295.000000,-0.000194,-0.001131,0.001506,-0.000453,-0.003563
296.000000,-0.000666,-0.001005,0.001405,-0.000263,0.001548
297.000000,0.000752,-0.000690,0.001435,-0.000034,0.000000
298.000000,-0.002918,-0.001019,0.001159,0.000011,-0.002254
299.000000,0.000116,-0.000192,0.001050,0.000367,0.004848
300.000000,0.001955,0.000881,0.001373,0.000669,0.005635
301.000000,0.002581,0.000958,0.000833,0.000392,0.004678
302.000000,0.005741,0.003246,0.001422,0.001092,0.015798
303.000000,0.007037,0.002059,0.001373,0.001798,0.004226
304.000000,0.003933,0.002025,0.001113,0.001629,-0.010668
305.000000,0.003348,0.002652,0.000760,0.001888,0.002706
306.000000,0.001080,0.001830,0.000413,0.001547,-0.006662
307.000000,-0.001628,0.002057,0.000683,0.001642,0.002262
308.000000,-0.002313,0.002362,0.000671,0.001560,0.000797
309.000000,-0.002157,0.000888,0.000348,0.000996,-0.009885
310.000000,-0.001787,0.000780,0.000831,0.001175,0.004555
311.000000,-0.000773,0.000153,0.000556,0.000607,-0.001592
312.000000,0.002305,0.000339,0.001793,0.001061,0.017651
313.000000,0.002815,0.000251,0.001155,0.000999,0.003348
314.000000,0.004906,0.001375,0.001700,0.001200,0.000568
315.000000,0.003770,0.000992,0.001822,0.000837,-0.001125
316.000000,0.003194,0.001211,0.001521,0.000679,-0.004469
317.000000,-0.001684,0.000311,0.001184,0.000559,-0.006742
318.000000,-0.000557,0.001129,0.001745,0.000824,0.008982
319.000000,-0.002079,0.001414,0.001151,0.000703,-0.007039
320.000000,-0.000075,0.001847,0.001314,0.001170,0.008892
321.000000,-0.004301,-0.000553,-0.000200,0.000186,-0.025599
322.000000,-0.002040,-0.001862,-0.000762,0.000574,0.004566
323.000000,-0.003665,-0.002111,-0.000930,0.000066,0.000854
324.000000,-0.000953,-0.001516,-0.000071,0.000628,0.006522
325.000000,-0.002032,-0.001053,-0.000031,0.000863,0.003499
326.000000,0.003797,-0.000252,0.000479,0.000930,0.003543
327.000000,0.004226,0.001093,0.000702,0.001153,0.006713
328.000000,0.004167,0.000251,0.000690,0.001247,0.000557
329.000000,0.002193,0.000620,0.001017,0.000974,-0.003349
330.000000,0.000877,-0.000577,0.000635,0.000683,-0.003080
331.000000,0.000168,0.001983,0.000715,0.000528,0.000000
332.000000,-1234.000000,-1234.000000,-1234.000000,-1234.000000,-1234.000000
333.000000,-0.001187,0.001787,-0.000265,-0.000087,-1234.000000
334.000000,-0.000631,0.000938,-0.000354,0.000242,-0.001123
335.000000,-1234.000000,-1234.000000,-1234.000000,-1234.000000,-1234.000000
336.000000,-0.004192,-0.001467,-0.000792,-0.000077,-1234.000000
337.000000,-0.005114,-0.003291,-0.000855,-0.000439,-0.007880
338.000000,-0.005570,-0.003378,-0.001362,-0.000472,-0.000143
339.000000,-0.004168,-0.002399,-0.000722,0.000041,0.004484
340.000000,-0.003962,-0.002407,-0.001390,-0.000234,-0.003140
341.000000,0.001063,-0.000908,0.000698,0.000251,0.011992
342.000000,0.000828,-0.001813,-0.000059,-0.000703,-0.009052
343.000000,0.000040,-0.002453,-0.000333,-0.000968,-0.004084
344.000000,-0.001533,-0.002704,-0.000883,-0.001109,-0.003383
345.000000,0.001140,-0.001411,-0.000509,-0.000704,0.010228
346.000000,-0.002398,-0.000668,-0.001023,-0.000748,-0.005701
347.000000,-0.001735,-0.000453,-0.001714,-0.000712,-0.005734
348.000000,-0.001010,-0.000485,-0.001771,-0.001049,-0.000460
349.000000,0.001733,0.000100,-0.001011,-0.000429,0.010331
350.000000,-0.000057,0.000541,-0.000769,-0.000700,0.001277
351.000000,0.003133,0.000367,-0.000199,0.000580,0.010252
352.000000,0.005222,0.001743,0.000059,0.000585,0.004709
353.000000,0.004865,0.001927,-0.000148,0.000474,-0.002243
354.000000,0.003078,0.002405,-0.000015,0.000291,0.001394
355.000000,0.002824,0.001383,-0.000014,0.000167,0.000008
356.000000,-0.001766,0.000684,0.000008,-0.000413,-0.012696
357.000000,-0.002821,0.001200,0.000374,-0.000673,-0.000568
358.000000,0.001064,0.002964,0.001240,-0.000080,0.017181
359.000000,0.000729,0.001903,0.001002,0.000030,-0.000279
360.000000,0.001168,0.001996,0.001269,0.000219,0.002204
361.000000,0.002337,0.000286,0.000327,-0.000026,-0.006852
362.000000,0.001269,-0.000776,0.000484,-0.000229,-0.005911
363.000000,-0.002247,-0.000591,0.000668,-0.000301,-0.000395
364.000000,-0.000840,-0.000055,0.001175,-0.000029,0.006755
365.000000,-0.001899,-0.000365,0.000509,-0.000131,-0.003090
366.000000,0.001153,0.001745,0.001214,0.000587,0.008406
367.000000,0.004610,0.002939,0.002070,0.001229,0.011375
368.000000,0.004965,0.001359,0.002162,0.001280,0.001378
369.000000,0.002730,0.000945,0.001424,0.000983,-0.004417
370.000000,0.003570,0.000835,0.001416,0.001124,0.001106
371.000000,0.003156,0.002154,0.001220,0.000936,0.006337
372.000000,0.000771,0.002690,0.000957,0.001219,-0.000549
373.000000,0.000605,0.002785,0.001097,0.001374,0.000549
374.000000,0.002911,0.002821,0.001383,0.001724,0.007113
375.000000,0.004374,0.003972,0.001803,0.001663,0.008421
376.000000,0.003755,0.003455,0.002600,0.001961,0.003240
377.000000,0.000407,0.000589,0.001764,0.001576,-0.017286
378.000000,-0.000165,0.000220,0.000790,0.001515,-0.002312
379.000000,-0.003132,-0.000110,0.000417,0.000913,-0.007724
380.000000,-0.003602,0.000386,0.000611,0.001073,0.006073
381.000000,-0.004140,-0.000192,0.000981,0.000749,0.000551
382.000000,-0.000848,-0.000220,0.001235,0.000565,-0.000826
383.000000,-0.001698,-0.000932,0.000927,0.000421,-0.006565
384.000000,0.000166,-0.001483,0.000669,0.000427,0.001596
385.000000,-0.001659,-0.002630,0.000671,0.000325,-0.003049
386.000000,-0.001936,-0.003038,0.000209,0.000721,-0.000833
387.000000,-0.002545,-0.001696,-0.000554,0.000611,-0.003872
388.000000,-0.000235,-0.000967,-0.000373,0.000204,0.004983
389.000000,-0.001321,-0.000578,-0.000344,0.000086,-0.003832
390.000000,-0.000436,-0.001047,-0.000331,0.000058,0.001375
391.000000,-0.000835,-0.001385,-0.000789,0.000192,-0.002831
392.000000,0.000051,-0.001247,-0.000734,0.000408,0.000558
393.000000,-0.002964,-0.001600,-0.001266,0.000085,-0.010090
394.000000,-0.001803,-0.001562,-0.001523,-0.000075,0.001970
395.000000,-0.001181,-0.000808,-0.001719,0.000178,0.004488
396.000000,-0.002358,-0.001596,-0.002317,-0.000393,-0.008714
397.000000,-0.004735,-0.002342,-0.002019,-0.001150,-0.011329
398.000000,-0.003926,-0.003445,-0.002206,-0.001397,-0.006043
399.000000,-0.006282,-0.004043,-0.002310,-0.001577,-0.009812
400.000000,-0.007471,-0.004326,-0.002687,-0.001662,-0.001457
401.000000,-0.006660,-0.004509,-0.002947,-0.002029,-0.004656
402.000000,-0.004462,-0.004598,-0.002923,-0.002022,-0.000339
403.000000,0.000516,-0.001705,-0.001652,-0.001412,0.018847
404.000000,0.003724,-0.001279,-0.001420,-0.001441,0.006227
405.000000,0.002885,-0.002293,-0.001551,-0.001911,-0.005654
406.000000,0.005163,-0.000748,-0.001172,-0.001794,0.006736
407.000000,0.006853,0.001196,-0.000573,-0.000947,0.008111
408.000000,0.002958,0.001737,-0.000854,-0.000891,-0.000629
409.000000,0.002615,0.003169,-0.000437,-0.000484,0.004510
410.000000,0.004996,0.003941,-0.000193,-0.000478,0.006254
411.000000,0.003446,0.004305,-0.000102,-0.000530,-0.001014
412.000000,0.002694,0.004774,0.000088,-0.000357,0.004352
413.000000,0.002636,0.002797,0.000546,-0.000169,-0.000919
414.000000,0.001506,0.002060,0.000391,-0.000260,-0.001143
415.000000,0.000316,0.002656,0.000182,-0.000148,0.000307
416.000000,0.000687,0.002066,0.000659,-0.000093,0.000836
417.000000,0.000505,0.001600,0.001398,0.000151,0.003446
418.000000,0.001167,0.001902,0.001819,0.000065,0.002388
419.000000,0.001007,0.001257,0.002213,0.000128,-0.001941
420.000000,0.001168,0.000742,0.002341,0.000119,0.001110
421.000000,0.001222,0.000954,0.002629,0.000250,0.001106
422.000000,0.001066,0.000786,0.002780,0.000320,0.002666
423.000000,-0.000001,0.000583,0.001690,0.000558,-0.002946
424.000000,-0.001560,-0.000277,0.000892,0.000168,-0.009737
425.000000,-0.001838,-0.000335,0.001161,0.000009,-0.000280
426.000000,-0.001110,0.000056,0.001061,0.000458,0.004745
427.000000,-0.003715,-0.001325,0.000137,0.000490,-0.010360
428.000000,-0.005389,-0.002695,-0.000397,0.000315,-0.011316
429.000000,-0.002180,-0.001870,-0.000307,0.000852,0.006312
430.000000,-0.003045,-0.002442,-0.000850,0.000747,-0.004606
431.000000,-0.005305,-0.003208,-0.001127,0.000684,-0.006556
432.000000,-0.004223,-0.003969,-0.001592,0.000530,-0.004951
433.000000,-0.002924,-0.004157,-0.001787,-0.000259,-0.004819
434.000000,-0.006802,-0.004491,-0.002384,-0.000902,-0.013080
435.000000,-0.005705,-0.004375,-0.002355,-0.000685,0.000880
436.000000,-0.006670,-0.005987,-0.002966,-0.001288,-0.011380
437.000000,-0.004636,-0.004430,-0.002877,-0.001385,0.005219
438.000000,-0.003988,-0.003456,-0.003076,-0.001417,-0.001581
439.000000,-0.001350,-0.004076,-0.002973,-0.001563,0.000109
440.000000,-0.003360,-0.004533,-0.003487,-0.002077,-0.009170
441.000000,0.000750,-0.002960,-0.003084,-0.001738,0.009170
442.000000,0.000529,-0.002054,-0.003011,-0.001746,0.004115
443.000000,0.000616,-0.001686,-0.002921,-0.001753,-0.001145
444.000000,0.001467,0.000058,-0.002216,-0.001570,0.004366
445.000000,0.002688,-0.000336,-0.002356,-0.001682,-0.003066
446.000000,0.002226,0.001488,-0.002250,-0.001481,0.006860
447.000000,0.002278,0.001403,-0.001513,-0.001450,0.004374
448.000000,0.004311,0.002463,-0.000496,-0.001229,0.009019
449.000000,0.006671,0.004069,-0.000004,-0.000626,0.016168
450.000000,0.004860,0.003774,-0.000379,-0.001067,-0.012121
451.000000,0.008050,0.005138,0.001089,-0.000343,0.022810
452.000000,0.007114,0.004696,0.001321,-0.000442,-0.000308
453.000000,0.006320,0.005316,0.001815,-0.000176,0.005053
454.000000,0.006198,0.006435,0.003247,0.000667,0.015556
455.000000,0.009099,0.006980,0.003322,0.000756,0.002382
456.000000,0.006280,0.007165,0.004326,0.000888,0.008715
457.000000,0.006092,0.006603,0.004003,0.001192,-0.001248
458.000000,0.005926,0.006123,0.004293,0.001710,0.004226
459.000000,0.006193,0.006195,0.005132,0.002063,0.016888
460.000000,0.005184,0.007141,0.005458,0.002128,-0.002662
461.000000,0.007086,0.006683,0.005910,0.002954,0.018223
462.000000,0.007806,0.006949,0.005822,0.003197,0.002353
463.000000,0.007472,0.006699,0.006007,0.003443,0.002555
464.000000,0.004156,0.005175,0.005805,0.003889,0.000312
465.000000,0.005558,0.005371,0.006175,0.004005,0.004349
466.000000,-0.000577,0.003254,0.005210,0.003969,-0.012452
467.000000,-0.000680,0.003563,0.005083,0.003856,0.001836
468.000000,0.000473,0.003972,0.005048,0.004186,0.008323
469.000000,0.000724,0.002440,0.004318,0.004235,0.001565
470.000000,-0.001282,0.002138,0.004640,0.004351,-0.005679
471.000000,0.000042,-0.000267,0.003208,0.003851,-0.005835
472.000000,-0.002001,-0.001341,0.002804,0.003435,-0.008380
473.000000,-0.003507,-0.001517,0.002591,0.003499,0.000791
474.000000,-0.003345,-0.001310,0.001932,0.003433,0.002380
475.000000,-0.003580,-0.002431,0.001470,0.003307,-0.006855
476.000000,-0.002631,-0.001294,0.000980,0.003042,-0.001090
477.000000,0.000645,-0.000678,0.001442,0.003162,0.007998
478.000000,0.000159,-0.001674,0.001149,0.002807,-0.001637
479.000000,-0.000475,-0.001910,0.000265,0.002242,-0.000793
480.000000,0.002591,-0.000494,0.000822,0.002929,0.008478
481.000000,0.004885,0.001127,0.000430,0.002514,0.010381
482.000000,-0.000169,0.000238,-0.000551,0.001949,-0.017273
483.000000,0.000633,0.000396,-0.000560,0.001859,0.002373
484.000000,0.001790,0.000657,-0.000326,0.001507,0.004991
485.000000,-0.000168,0.001212,-0.000609,0.001384,-0.001311
486.000000,-0.001972,0.001457,0.000081,0.001139,0.001361
487.000000,0.001426,0.000628,-0.000025,0.001171,-0.000286
488.000000,0.003700,0.002167,0.000246,0.001488,0.013745
489.000000,-0.000040,0.000875,-0.000517,0.000468,-0.013708
490.000000,0.001828,0.000830,0.000168,0.000825,0.008030
491.000000,-0.001325,-0.001648,-0.000260,-0.000263,-0.014404
492.000000,-0.002538,-0.000556,-0.000159,-0.000553,-0.006351
493.000000,-0.003647,0.000026,0.000211,-0.000365,0.008196
494.000000,0.001774,0.000867,0.000762,0.000071,0.013399
495.000000,0.003236,0.002532,0.001872,0.000438,0.015339
496.000000,0.004177,0.001426,0.001441,0.000529,-0.009700
497.000000,0.006015,0.001739,0.001184,0.000563,0.002840
498.000000,0.006221,0.001287,0.001727,0.000593,0.009228
499.000000,0.005927,0.003850,0.002363,0.000938,0.011925
500.000000,0.005664,0.004450,0.002640,0.001595,0.014025
501.000000,0.011689,0.007933,0.003142,0.002471,0.020429
502.000000,0.007393,0.006704,0.003074,0.002129,-0.018640
503.000000,0.004891,0.005556,0.002791,0.001993,-0.003282
504.000000,-0.001781,0.002073,0.001470,0.001199,-0.021436
505.000000,-0.006573,-0.000455,0.001039,0.001096,-0.009935
506.000000,-0.012011,-0.000161,0.000633,0.000907,-0.006761
507.000000,-0.006931,0.000231,0.000985,0.000866,0.006761
508.000000,-0.003366,0.000763,0.001025,0.001405,0.014543
509.000000,0.000191,-0.000795,0.001528,0.001310,-0.003654
510.000000,0.001383,-0.002595,0.000927,0.000895,-0.003974
511.000000,0.005090,-0.003461,0.002236,0.000941,0.011773
512.000000,0.003818,-0.001556,0.002574,0.001531,0.000404
513.000000,0.003017,-0.000174,0.002691,0.001803,0.010534
514.000000,0.004238,0.002214,0.002144,0.001718,0.002452
515.000000,0.006183,0.003783,0.001664,0.001953,0.005750
516.000000,0.002803,0.003946,0.001893,0.001737,-0.005126
517.000000,0.005935,0.004877,0.002554,0.002282,0.016063
518.000000,0.004636,0.003827,0.002295,0.001959,0.004043
519.000000,0.002869,0.003554,0.001379,0.002203,-0.006383
520.000000,0.002410,0.004296,0.000851,0.002050,0.003451
521.000000,0.003191,0.002997,-0.000232,0.002490,-0.001221
522.000000,-0.001004,0.002466,0.000455,0.002538,-0.004908
523.000000,-0.006945,-0.001154,-0.000664,0.001409,-0.025665
524.000000,-0.005023,-0.001077,0.000569,0.001070,0.003225
525.000000,-0.002460,-0.000025,0.001879,0.001101,0.016270
526.000000,-0.002959,0.000116,0.002031,0.001300,-0.003720
527.000000,0.000393,-0.000305,0.002286,0.001601,0.011855
528.000000,-0.001673,-0.004309,-0.000241,0.000093,-0.035995
529.000000,-0.003185,-0.004104,-0.000275,-0.000449,-0.004336
530.000000,-0.005470,-0.003965,0.000166,-0.000755,0.004845
531.000000,-0.007895,-0.005427,-0.001215,-0.001964,-0.015846
532.000000,-0.009246,-0.004426,-0.000980,-0.001172,0.005104
533.000000,-0.005203,-0.003438,-0.002296,-0.001589,-0.015783
534.000000,-0.006178,-0.004682,-0.002879,-0.001181,-0.009211
535.000000,-0.002972,-0.004221,-0.002123,-0.000154,0.020875
536.000000,-0.000147,-0.004021,-0.001953,0.000014,-0.001721
537.000000,-0.002328,-0.005787,-0.003046,-0.000405,-0.005797
538.000000,0.002693,-0.001255,-0.002782,-0.000579,0.009322
539.000000,0.005003,-0.000588,-0.002346,-0.000379,0.002337
540.000000,-0.001608,-0.002290,-0.003127,-0.000653,-0.012180
541.000000,0.001322,0.000588,-0.002420,-0.000614,0.012930
542.000000,0.002019,-0.000154,-0.002290,-0.000705,-0.002315
543.000000,-0.001604,0.000545,-0.001447,-0.001349,-0.008792
544.000000,-0.002384,0.001310,-0.001686,-0.001483,-0.001563
545.000000,-0.001149,-0.001378,-0.002800,-0.001875,-0.006003
546.000000,-0.003327,-0.001002,-0.002512,-0.001636,0.002040
547.000000,-0.008416,-0.003198,-0.004493,-0.003097,-0.027760
548.000000,-0.006282,-0.003943,-0.002599,-0.003169,0.001878
549.000000,-0.006022,-0.004203,-0.002395,-0.002965,-0.000265
550.000000,-0.004501,-0.002825,-0.002557,-0.003026,0.001605
551.000000,-0.001412,-0.002369,-0.000891,-0.002403,0.017482
552.000000,0.002147,-0.003134,-0.001644,-0.002572,-0.009966
553.000000,0.004664,-0.000809,-0.000132,-0.001234,0.014462
554.000000,0.004822,-0.000600,0.000355,-0.001324,0.000524
555.000000,0.007772,0.001636,0.000129,-0.001321,0.016358
556.000000,0.004893,0.001740,0.000369,-0.001094,0.003086
557.000000,0.007660,0.004903,0.000852,-0.001361,0.003869
558.000000,0.006342,0.005503,0.000780,0.000102,0.007872
559.000000,0.006085,0.005453,0.000625,0.000221,-0.000762
560.000000,-0.000314,0.003729,0.000452,-0.000462,-0.015637
561.000000,-0.001753,0.001570,-0.000400,-0.000071,-0.004107
562.000000,-0.001391,0.003134,-0.000000,-0.000052,0.005677
563.000000,-0.000916,0.002713,0.000952,0.000816,0.010251
564.000000,-0.001581,0.002252,0.000826,0.000987,-0.004087
565.000000,0.003973,0.001829,0.001732,0.000696,0.012130
566.000000,0.006422,0.002335,0.002037,0.001024,0.008139
567.000000,0.006281,0.002445,0.003674,0.001383,0.004971
568.000000,0.001978,0.000531,0.003017,0.000697,-0.011264
569.000000,0.002518,0.000469,0.002961,0.000573,-0.001387
570.000000,-0.001701,0.001136,0.002432,0.000680,-0.008967
571.000000,-0.002330,0.002046,0.001808,0.000416,0.004999
572.000000,-0.003721,0.001280,0.002207,0.000427,-0.001986
573.000000,-0.001621,0.000178,0.001446,0.000694,-0.000766
574.000000,-0.000763,0.000878,0.001565,0.000843,0.002907
575.000000,0.000474,-0.000614,0.000608,0.000950,-0.002782
576.000000,-0.003318,-0.002824,-0.000244,0.000417,-0.013960
577.000000,0.001115,-0.001303,0.000571,0.002015,0.020177
578.000000,0.000076,-0.000773,-0.000121,0.001754,-0.005960
579.000000,-0.001030,-0.000896,-0.000214,0.001675,-0.002623
580.000000,0.001127,0.000801,0.000968,0.001888,0.008004
581.000000,0.005515,0.001099,0.001573,0.001572,0.007978
582.000000,-0.001625,-0.000255,0.000513,0.001386,-0.015523
583.000000,0.002553,0.001314,0.000746,0.001402,0.014928
584.000000,0.001812,0.000391,0.000634,0.001174,-0.006328
585.000000,-0.005282,-0.002077,-0.001345,-0.000287,-0.027466
586.000000,-0.007741,-0.001113,-0.001968,-0.000534,-0.004314
587.000000,-0.003238,-0.002431,-0.001867,-0.000430,0.006991
588.000000,-0.012112,-0.004780,-0.002776,-0.001674,-0.029445
589.000000,-0.011708,-0.004948,-0.002922,-0.001792,-0.004305
590.000000,-0.006209,-0.005746,-0.002472,-0.001270,0.000027
591.000000,-1234.000000,-1234.000000,-1234.000000,-1234.000000,-1234.000000
592.000000,-0.007161,-0.004982,-0.002494,-0.001193,-1234.000000
593.000000,0.000666,-0.006433,-0.002355,-0.001482,0.001864
594.000000,0.000610,-0.006233,-0.002747,-0.001497,-0.004529
595.000000,0.003129,-0.002059,-0.002069,-0.001567,0.010101
596.000000,0.004137,-0.000672,-0.000904,-0.001566,0.008170
597.000000,0.003384,-0.001303,-0.001897,-0.001692,0.001311
598.000000,0.003377,0.002172,-0.001487,-0.001240,0.001833
599.000000,0.005327,0.003231,-0.001074,-0.001013,0.005219
600.000000,0.003388,0.003273,-0.001474,-0.000689,0.000406
601.000000,0.000367,0.002252,-0.002259,-0.001101,-0.006934
602.000000,-0.001051,0.001166,-0.001746,-0.001232,-0.005780
603.000000,0.000000,0.001689,-0.002158,-0.000961,0.007089
604.000000,0.000364,0.002846,-0.001455,-0.000818,0.007040
605.000000,-0.000133,0.001627,-0.000119,-0.000794,-0.002081
606.000000,0.000915,0.000641,0.000019,-0.000371,-0.001694
607.000000,0.000700,-0.000176,-0.000710,-0.001303,-0.006856
608.000000,-0.001417,-0.000709,0.000656,-0.001218,-0.003496
609.000000,-0.004360,-0.001998,0.000479,-0.001393,-0.007674
610.000000,-0.007043,-0.003588,-0.000338,-0.002203,-0.015494
611.000000,-0.005044,-0.002065,0.000094,-0.002192,0.008299
612.000000,-0.005069,-0.002184,-0.000509,-0.001897,-0.006978
613.000000,-0.001322,-0.001370,0.000159,-0.001887,0.015235
614.000000,0.000464,-0.001948,0.000449,-0.001625,0.001257
615.000000,0.002407,-0.002318,-0.000345,-0.000877,-0.005776
616.000000,-0.000320,-0.002682,-0.001020,-0.000912,-0.005335
617.000000,0.001716,-0.001676,-0.000926,-0.001043,0.003201
618.000000,0.000107,-0.000608,-0.000658,0.000220,0.007186
619.000000,0.002488,0.001476,-0.000261,0.000823,0.013166
620.000000,0.002799,0.002603,-0.000492,0.000676,-0.004221
621.000000,0.003451,0.001566,-0.000250,0.000584,-0.002078
622.000000,0.001702,0.001709,-0.000238,0.000230,-0.005545
623.000000,0.000211,0.000159,-0.000605,0.000159,-0.000265
624.000000,-0.004391,-0.000951,-0.001450,-0.000018,-0.009847
625.000000,-0.003132,-0.000166,-0.001242,-0.000286,0.002073
626.000000,-0.002757,0.000347,-0.001168,-0.000565,-0.000203
627.000000,-0.005095,-0.001697,-0.001686,-0.001183,-0.017233
628.000000,-0.005764,-0.002777,-0.001692,-0.001364,-0.003613
629.000000,-0.002346,-0.003369,-0.000946,-0.001297,0.007246
630.000000,-0.002880,-0.003006,-0.000201,-0.001330,-0.000596
631.000000,0.001065,-0.000846,0.000360,-0.000448,0.019520
632.000000,0.003014,-0.001040,0.000334,-0.000505,-0.007487
633.000000,0.002130,-0.001817,-0.000829,-0.001009,-0.008034
634.000000,0.002987,0.000320,-0.000315,-0.000860,0.011530
635.000000,0.003366,0.000243,0.000038,-0.000747,0.001300
636.000000,-0.000213,0.000426,0.000387,-0.000636,0.001628
637.000000,0.000878,0.001946,0.000125,-0.000476,-0.002033
638.000000,0.005059,0.003594,0.000409,0.000070,0.012870
639.000000,0.002248,0.002617,-0.000376,0.000242,-0.002528
640.000000,0.000086,0.001726,-0.000640,0.000441,-0.009506
641.000000,-0.001528,-0.000870,-0.000858,-0.000050,-0.006443
642.000000,-0.000445,0.000216,-0.000412,0.000295,0.003380
643.000000,-0.005320,-0.000131,-0.000974,-0.000596,-0.011505
644.000000,-0.005852,-0.001802,-0.000741,-0.000811,-0.005187
645.000000,-0.002006,-0.000960,-0.000358,-0.000294,0.009725
646.000000,-0.000449,-0.000988,-0.000281,-0.000072,0.001343
647.000000,0.000052,-0.000196,0.000875,0.000018,0.005886
648.000000,0.003320,-0.001000,0.001297,-0.000061,0.004835
649.000000,0.007632,0.000890,0.001754,0.000046,0.016372
650.000000,0.003943,0.000969,0.001347,-0.000104,-0.008720
651.000000,0.002054,0.000802,-0.000034,-0.000305,-0.008103
652.000000,0.001818,0.000935,0.000576,0.000037,0.004705
653.000000,-0.000972,0.001174,0.000522,-0.000258,-0.009113
654.000000,-0.003375,0.002128,0.000163,0.000215,0.004354
655.000000,-0.001008,0.001468,0.000254,0.000250,0.003117
656.000000,-1234.000000,-1234.000000,-1234.000000,-1234.000000,-1234.000000
657.000000,0.000318,0.001151,0.000442,0.000961,-1234.000000
658.000000,0.006915,0.002534,0.000674,0.001681,0.017277
659.000000,0.003726,-0.000219,0.000364,0.001141,-0.008405
660.000000,0.008929,0.003408,0.002124,0.001987,0.023930
661.000000,0.006156,0.003760,0.002204,0.001144,-0.004935
662.000000,0.005317,0.003095,0.001958,0.001358,-0.001283
663.000000,-0.000467,0.002814,0.001951,0.001233,-0.011644
664.000000,0.001941,0.002734,0.002415,0.000961,0.003636
665.000000,-0.009702,-0.001422,0.000099,-0.000266,-0.034286
666.000000,-0.013604,-0.003724,-0.001258,-0.001165,-0.024442
667.000000,-0.012973,-0.003828,-0.001469,-0.001031,0.001871
668.000000,-0.006936,-0.003702,-0.000748,-0.000835,0.018538
669.000000,-0.009124,-0.003591,-0.001994,-0.001000,-0.007300
670.000000,-0.002267,-0.005984,-0.001535,-0.000672,0.000000
671.000000,-0.001657,-0.007630,-0.002235,-0.001187,-0.021394
672.000000,-0.002253,-0.007613,-0.002541,-0.001342,-0.001107
673.000000,-0.005185,-0.006061,-0.001857,-0.000812,0.003875
674.000000,-0.005782,-0.007453,-0.002627,-0.000987,-0.010282
675.000000,-1234.000000,-1234.000000,-1234.000000,-1234.000000,-1234.000000
676.000000,0.003442,0.000609,-0.001671,-0.000658,-1234.000000
677.000000,0.000831,-0.000882,-0.002433,-0.001281,-0.011551
678.000000,0.001928,-0.002024,-0.002907,-0.001158,0.008265
679.000000,0.004544,-0.001193,-0.002455,-0.001737,0.000181
680.000000,0.004900,-0.000490,-0.003382,-0.001199,0.006324
681.000000,0.004488,0.004023,-0.002110,-0.000223,0.019224
682.000000,0.009829,0.005830,-0.001245,0.000150,0.015152
683.000000,0.002996,0.002521,-0.001996,-0.000450,-0.025902
684.000000,0.003229,0.003813,-0.002116,-0.000557,0.001348
685.000000,0.000909,0.002904,-0.000589,-0.000857,-0.005277
686.000000,-0.002963,0.000763,0.000690,-0.000832,-0.000136
687.000000,-0.002977,0.003426,0.001385,-0.000412,0.015082
688.000000,-1234.000000,-1234.000000,-1234.000000,-1234.000000,-1234.000000
689.000000,0.003551,0.003372,0.001090,-0.000582,-1234.000000
690.000000,0.003804,0.002195,0.000853,-0.001589,-0.004267
691.000000,0.006165,0.001094,0.002559,-0.001080,0.009310
692.000000,0.000867,-0.001268,0.002281,-0.001253,-0.006108
693.000000,0.001332,0.001964,0.002243,-0.000723,0.003191
694.000000,0.003430,0.003484,0.003648,-0.000316,0.015022
695.000000,0.005275,0.004621,0.003717,0.001085,0.004958
696.000000,0.003880,0.004896,0.002720,0.002042,0.002337
697.000000,0.006552,0.004025,0.003710,0.002234,0.007250
698.000000,0.006633,0.003983,0.003464,0.001700,0.003600
699.000000,0.005394,0.004412,0.003919,0.002276,0.008823
700.000000,0.002894,0.004084,0.003190,0.002007,-0.007539
701.000000,0.001860,0.002870,0.002029,0.002670,-0.002834
702.000000,0.004047,0.005299,0.002188,0.003359,0.018185
703.000000,0.004408,0.005521,0.003836,0.003413,0.005407
704.000000,0.004058,0.004726,0.004137,0.004033,0.007071
705.000000,0.007947,0.005420,0.005042,0.004305,0.011905
706.000000,0.006847,0.004354,0.004610,0.003284,-0.008331
707.000000,0.004407,0.004227,0.004131,0.003888,0.005981
708.000000,0.002964,0.003686,0.003834,0.003541,-0.001808
709.000000,0.009929,0.006993,0.005703,0.004979,0.041898
710.000000,0.005927,0.006937,0.005511,0.004482,-0.008105
711.000000,0.006970,0.006909,0.004889,0.003711,-0.003116
712.000000,0.006445,0.005426,0.005363,0.003305,0.003356
713.000000,0.007714,0.005339,0.005430,0.004354,0.004536
714.000000,0.000095,0.005012,0.004869,0.004439,0.003804
715.000000,0.002961,0.004444,0.004932,0.004836,0.006224
716.000000,0.003569,0.005270,0.004812,0.004838,-0.000073
717.000000,0.001145,0.003795,0.004011,0.004015,-0.008765
718.000000,-0.004474,0.001620,0.002653,0.003096,-0.023561
719.000000,-0.005534,-0.002719,0.002137,0.002895,-0.001494
720.000000,-0.005078,-0.001059,0.002939,0.003321,0.008502
721.000000,-0.005083,-0.000757,0.003076,0.003007,-0.000097
722.000000,-0.005900,-0.002377,0.001524,0.002783,-0.012851
723.000000,-0.002753,-0.003614,0.000862,0.002415,-0.007828
724.000000,0.000293,-0.002621,0.001196,0.002372,0.013736
725.000000,-0.002532,-0.003805,0.000319,0.002020,-0.005619
726.000000,-0.002023,-0.003553,0.000858,0.002023,0.002447
727.000000,0.003175,-0.001363,0.001216,0.002220,0.013137
728.000000,0.005313,0.001280,0.001450,0.002195,0.002866
729.000000,0.002722,0.001507,-0.000606,0.001927,0.000781
730.000000,0.004457,0.000963,-0.000048,0.002280,0.003054
731.000000,0.003676,0.000827,0.000035,0.002326,-0.001458
732.000000,0.001772,0.002473,0.000048,0.001840,0.003614
733.000000,0.000576,0.002945,-0.000335,0.001556,-0.003113
734.000000,0.000873,0.001798,-0.000412,0.001396,0.002266
735.000000,-0.001780,0.001338,-0.001233,0.000659,-0.010211
736.000000,-0.003970,-0.000147,-0.001850,0.000523,-0.012404
737.000000,-0.003765,-0.000996,-0.001180,0.000479,0.004639
738.000000,-0.003386,-0.001405,-0.000063,0.000498,-0.001219
739.000000,-0.003534,-0.001331,0.000088,-0.000847,0.001526
740.000000,-0.003020,-0.002400,-0.000719,-0.000832,-0.007642
741.000000,-0.003506,-0.003738,-0.001456,-0.001223,-0.014833
742.000000,-0.006990,-0.005378,-0.001452,-0.001761,-0.012784
743.000000,-0.007126,-0.005256,-0.001156,-0.001975,-0.001896
744.000000,-0.005444,-0.004489,-0.001346,-0.001771,0.009937
745.000000,0.001840,-0.000590,0.000374,-0.001019,0.028779
746.000000,0.004434,0.000464,0.000159,-0.001079,-0.001867
747.000000,0.004865,-0.001063,-0.001030,-0.001141,-0.010629
748.000000,0.003632,-0.001747,-0.001576,-0.000624,-0.008059
749.000000,0.004161,-0.000642,-0.000986,-0.000155,0.012579
750.000000,0.001325,0.001583,-0.000409,0.000048,0.014599
751.000000,0.001891,0.003162,-0.000288,0.000084,0.000966
752.000000,0.005076,0.004970,-0.000204,0.000689,0.005295
753.000000,0.007932,0.005782,0.000263,0.001157,0.006222
754.000000,0.004556,0.004358,-0.000065,0.000556,-0.004303
755.000000,-0.001114,0.000105,-0.000242,0.000285,-0.013750
756.000000,-0.005381,-0.001745,-0.000640,-0.000476,-0.020366
757.000000,-0.004074,0.000501,-0.000281,-0.000519,0.011829
758.000000,-0.003854,0.002039,0.000146,-0.000371,0.007322
759.000000,-0.005736,-0.000590,-0.000616,-0.000854,-0.013712
760.000000,-0.003380,-0.002247,-0.000332,-0.001022,-0.001974
761.000000,0.001846,-0.001767,0.000697,-0.000781,0.005764
762.000000,-0.002348,-0.003211,0.000880,-0.001206,-0.009142
763.000000,-0.005273,-0.004563,0.000609,-0.001346,-0.007302
764.000000,0.000591,-0.002572,0.000893,-0.000901,0.015608
765.000000,-0.001896,-0.002638,-0.001267,-0.001041,-0.014410
766.000000,-0.000462,0.000692,-0.000527,-0.000196,0.012934
767.000000,-0.001336,-0.001842,-0.000670,-0.000801,-0.013508
768.000000,-0.001256,-0.003265,-0.000613,-0.000991,-0.006906
769.000000,-0.000148,0.000222,-0.000184,-0.000337,0.021152
770.000000,0.001797,-0.000049,-0.001148,-0.000238,-0.004685
771.000000,0.001618,0.000578,-0.000595,0.000658,0.012038
772.000000,0.003095,0.000880,-0.001166,0.000880,-0.006124
773.000000,0.008080,0.003412,-0.000576,0.001543,0.018019
774.000000,0.008618,0.004235,0.000832,0.002007,0.023845
775.000000,0.010636,0.006217,0.001789,0.001228,0.005405
776.000000,0.008510,0.005064,0.002878,0.001337,0.001405
777.000000,0.010808,0.006952,0.002555,0.001870,0.005368
778.000000,0.005756,0.006918,0.001827,0.001897,-0.007242
779.000000,-0.000708,0.003955,0.002088,0.001196,-0.008477
780.000000,-0.001789,0.004424,0.002187,0.000709,0.000000
781.000000,-0.001787,0.003362,0.001970,0.000724,0.001418
782.000000,-0.003202,0.003803,0.002341,0.000491,-0.001709
783.000000,-0.001317,0.002219,0.002816,0.000356,0.002181
784.000000,0.000189,-0.000260,0.001988,0.000468,-0.000945
785.000000,0.001085,-0.000352,0.002932,0.001075,0.004478
786.000000,0.000565,-0.000611,0.002227,0.001715,-0.001179
787.000000,0.001853,-0.000674,0.003139,0.001478,0.004731
788.000000,0.001833,0.000258,0.003588,0.001304,0.002077
789.000000,0.003140,0.001665,0.002810,0.001947,0.005595
790.000000,0.001649,0.001367,0.002895,0.001914,-0.002979
791.000000,0.004333,0.002449,0.002905,0.002130,0.012241
792.000000,0.003213,0.002533,0.003168,0.002405,-0.000867
793.000000,0.000140,0.000986,0.001603,0.002206,-0.013288
794.000000,0.000186,0.001663,0.000702,0.001880,0.005825
795.000000,0.000457,0.001053,0.000350,0.002306,-0.001628
796.000000,-0.000716,0.001809,0.000599,0.002087,0.006379
797.000000,-0.001307,0.000953,0.000139,0.002410,-0.003823
798.000000,0.003337,0.001739,0.000998,0.002971,0.009932
799.000000,0.002563,0.001375,0.001520,0.002332,0.001956
800.000000,0.004030,0.002243,0.001805,0.002678,0.005705
801.000000,0.002482,0.000883,0.001666,0.002231,-0.001360
802.000000,0.001940,0.000317,0.001425,0.002218,-0.006530
803.000000,0.000688,0.002013,0.001500,0.001740,0.003671
804.000000,-0.000230,0.001166,0.001415,0.000857,-0.002637
805.000000,-0.002038,0.000996,0.001024,0.000565,-0.003335
806.000000,-0.001214,0.000634,0.001221,0.000611,0.002761
807.000000,0.002149,0.002045,0.001499,0.000775,0.010287
808.000000,0.000822,0.000755,0.001247,0.000917,-0.002963
809.000000,0.001396,0.000583,0.000979,0.001207,0.000230
810.000000,0.001469,-0.000285,0.000979,0.001109,-0.002969
811.000000,0.000825,-0.000194,0.000344,0.001046,-0.000458
812.000000,-0.000364,0.000893,0.000605,0.001248,0.004338
813.000000,0.000274,0.000548,0.001280,0.001182,0.000228
814.000000,0.005089,0.003242,0.002204,0.002024,0.024304
815.000000,0.005816,0.003643,0.002319,0.001897,0.000667
816.000000,0.005685,0.003255,0.001945,0.001899,-0.001111
817.000000,0.006389,0.003012,0.002529,0.002003,0.007856
818.000000,0.005172,0.002723,0.001739,0.001739,-0.005856
819.000000,-0.003137,0.000976,0.000779,0.000978,-0.017240
820.000000,-0.003858,0.000979,0.000347,0.000979,-0.002940
821.000000,-0.004499,0.000593,0.000199,0.000427,-0.004313
822.000000,-0.005225,0.000582,0.000737,0.000597,0.004222
823.000000,-0.004444,0.000364,0.000456,0.000975,-0.001950
824.000000,-0.000045,-0.001591,0.000826,0.000939,0.004755
825.000000,0.000421,-0.001719,0.000962,0.000973,-0.000610
826.000000,0.001179,-0.001660,0.000798,0.000743,-0.000520
827.000000,0.001687,-0.001769,0.000622,0.001096,0.006761
828.000000,0.003108,-0.000668,0.001027,0.000937,0.005153
829.000000,0.002425,0.001190,0.001083,0.000916,0.001340
830.000000,-0.000104,0.000158,0.000569,0.000284,-0.013254
831.000000,-0.003329,-0.001075,-0.000241,-0.000225,-0.016646
832.000000,-0.002669,-0.000491,0.000045,0.000328,0.010064
833.000000,-0.003653,-0.000273,0.000046,0.000213,0.000230
834.000000,-0.003376,-0.000475,-0.001033,0.000392,0.002727
835.000000,0.000136,0.000016,-0.000851,0.000647,0.004303
836.000000,0.003012,-0.000158,-0.000909,0.000479,-0.002262
837.000000,0.001271,-0.000699,-0.001234,0.000181,0.001358
838.000000,0.004634,0.000490,-0.000089,0.000848,0.017045
839.000000,0.003911,0.000267,0.000729,0.000811,-0.000890
840.000000,0.005263,0.002700,0.001429,0.001279,0.011067
841.000000,0.002700,0.002856,0.000891,0.000791,-0.015081
842.000000,0.003542,0.002407,0.000958,0.000833,0.005571
843.000000,0.000489,0.002561,0.001144,0.000884,0.001776
844.000000,0.001508,0.002709,0.001117,0.000214,0.004206
845.000000,-0.001236,0.002013,0.001015,0.000104,-0.002654
846.000000,0.002134,0.002417,0.001129,0.000200,0.001770
847.000000,0.001594,0.002568,0.000935,0.000033,0.002870
848.000000,0.001943,0.001216,0.000853,0.000346,0.003521
849.000000,-0.004603,-0.001548,-0.000640,-0.000030,-0.028522
850.000000,-0.005115,-0.003176,-0.000238,-0.000106,-0.005212
851.000000,-0.005514,-0.001690,0.000583,0.000030,-0.000227
852.000000,-0.004008,-0.001207,0.000600,0.000236,0.010400
853.000000,-0.006202,-0.002130,0.000216,0.000053,-0.007448
854.000000,0.002828,-0.000888,0.000911,0.000449,0.016627
855.000000,0.002798,-0.001158,0.000428,0.000290,-0.005363
856.000000,0.004583,-0.000465,0.000976,0.000598,0.008701
857.000000,0.003655,-0.000177,0.001196,0.000564,0.005759
858.000000,0.005674,-0.000264,0.000476,0.000481,0.002647
859.000000,0.003096,0.002962,0.000707,0.000561,0.003738
860.000000,0.004913,0.003856,0.000340,0.001127,0.003724
861.000000,0.004698,0.004641,0.001475,0.001935,0.007623
862.000000,0.003763,0.003709,0.001251,0.001636,0.001084
863.000000,0.004831,0.005253,0.001561,0.001895,0.007987
864.000000,0.005882,0.004489,0.001801,0.002103,0.008990
865.000000,0.006115,0.005514,0.002178,0.002123,0.004889
866.000000,0.004250,0.004474,0.002004,0.002142,-0.001698
867.000000,0.003843,0.003803,0.001813,0.002065,-0.000952
868.000000,0.004128,0.004480,0.002108,0.001810,0.009412
869.000000,0.001571,0.003726,0.003344,0.001713,-0.003798
870.000000,0.002193,0.004154,0.004005,0.001611,0.008002
871.000000,0.001355,0.002803,0.003722,0.001918,-0.005890
872.000000,0.001672,0.002757,0.003233,0.001753,0.000633
873.000000,0.000799,0.002463,0.003858,0.001862,0.005047
874.000000,0.000211,0.000891,0.002690,0.001497,-0.006735
875.000000,0.001254,0.001724,0.003619,0.002026,0.013217
876.000000,0.001513,0.001434,0.002954,0.001814,-0.004596
877.000000,0.000758,0.001215,0.002509,0.001614,-0.003146
878.000000,0.000293,0.000546,0.002513,0.001587,0.002727
879.000000,0.003434,0.001823,0.002774,0.002837,0.008967
880.000000,0.005874,0.003564,0.003859,0.003858,0.025416
881.000000,0.006266,0.003890,0.003346,0.003778,-0.002635
882.000000,0.007907,0.004332,0.003545,0.003600,0.005060
883.000000,0.007483,0.003888,0.003176,0.003868,0.000606
884.000000,0.003131,0.003282,0.002087,0.002887,-0.012793
885.000000,0.000445,0.003159,0.002442,0.003466,0.011986
886.000000,0.001536,0.003901,0.002668,0.003270,0.002823
887.000000,0.000484,0.004196,0.002705,0.003071,-0.000201
888.000000,0.001586,0.004534,0.002540,0.003187,0.006114
889.000000,0.002518,0.002825,0.002324,0.002791,-0.008130
890.000000,0.000685,0.000565,0.002065,0.002761,0.002821
891.000000,-0.000807,0.000365,0.002127,0.002352,-0.004639
892.000000,-0.001415,-0.000465,0.001933,0.002208,-0.003240
893.000000,-0.002650,-0.000532,0.001678,0.001940,-0.000061
894.000000,-0.001951,0.000284,0.001783,0.001486,-0.004636
895.000000,0.000723,0.000704,0.001932,0.001862,0.016192
896.000000,0.000565,-0.000121,0.001890,0.001738,-0.005429
897.000000,0.000697,-0.000359,0.001918,0.001684,-0.002584
898.000000,0.000055,-0.001298,0.001618,0.001261,-0.003270
899.000000,-0.000037,-0.000994,0.000915,0.001218,-0.005093
900.000000,-0.002726,-0.001001,-0.000218,0.001043,0.002748
901.000000,-0.002026,-0.000731,-0.000183,0.001175,-0.001933
902.000000,-0.005168,-0.002236,-0.001351,0.000544,-0.018293
903.000000,-0.005679,-0.002812,-0.001672,0.000181,-0.005825
904.000000,-0.005706,-0.002872,-0.001294,0.000232,-0.005230
905.000000,-0.007687,-0.005206,-0.002251,-0.000448,-0.007156
906.000000,-0.008487,-0.005257,-0.002689,-0.000492,-0.005932
907.000000,-0.004362,-0.004765,-0.002562,-0.000309,0.002335
908.000000,-0.003704,-0.004692,-0.002995,-0.000485,-0.002539
909.000000,-0.002490,-0.004098,-0.002546,-0.000756,0.000841
910.000000,-0.001654,-0.004671,-0.002836,-0.001702,-0.002977
911.000000,-0.002523,-0.005505,-0.003118,-0.001957,-0.010276
912.000000,-0.006528,-0.005445,-0.003840,-0.002715,-0.017689
913.000000,-0.004929,-0.004317,-0.003564,-0.002554,0.005459
914.000000,-0.003903,-0.003197,-0.003034,-0.001928,0.005971
915.000000,-0.004846,-0.003250,-0.004228,-0.002584,-0.007695
916.000000,-0.001990,-0.002256,-0.003757,-0.002545,0.004007
917.000000,0.001527,-0.002501,-0.003633,-0.002542,-0.000109
918.000000,0.000021,-0.002454,-0.003573,-0.002814,-0.002067
919.000000,-0.000130,-0.002016,-0.003057,-0.002370,0.005214
920.000000,-0.001384,-0.003115,-0.003893,-0.002929,-0.013965
921.000000,-0.000435,-0.001212,-0.003359,-0.002483,0.008751
922.000000,-0.002076,-0.000275,-0.002860,-0.002652,-0.008312
923.000000,-0.001750,-0.000864,-0.002590,-0.002664,-0.000439
924.000000,-0.004453,-0.002292,-0.002744,-0.002787,-0.008301
925.000000,0.000701,-0.000341,-0.001796,-0.002933,0.011808
926.000000,-0.000698,-0.000567,-0.001412,-0.002693,0.001752
927.000000,0.002618,0.000271,-0.001115,-0.002331,0.008272
928.000000,0.002880,0.000565,-0.000944,-0.002194,0.000867
929.000000,-0.000571,-0.002512,-0.002264,-0.002876,-0.025554
930.000000,-0.000921,-0.000110,-0.001613,-0.002632,0.010057
931.000000,-0.004465,-0.002582,-0.001897,-0.003100,-0.015965
932.000000,-0.006746,-0.002064,-0.001169,-0.002594,-0.003134
933.000000,-0.004823,-0.000972,-0.000918,-0.002051,0.010483
934.000000,-0.000156,-0.000364,-0.001328,-0.001951,-0.002221
935.000000,-0.000238,-0.000580,-0.000460,-0.001390,0.009649
936.000000,0.002090,-0.001187,-0.000877,-0.001337,-0.004326
937.000000,0.005354,-0.000696,-0.000212,-0.000975,0.013184
938.000000,0.006247,0.000712,0.000638,-0.000392,0.014950
939.000000,0.005959,0.002901,0.000195,-0.000542,-0.003663
940.000000,0.003164,0.001463,0.000677,-0.000587,-0.004326
941.000000,0.003808,0.002949,0.000184,-0.000282,-0.001106
942.000000,0.000958,0.003156,0.000546,0.000273,-0.001064
943.000000,-0.003602,0.001322,0.000175,-0.000171,-0.007852
944.000000,-0.003615,0.001172,0.000404,-0.000494,-0.003729
945.000000,-0.003852,-0.000344,-0.000462,-0.000422,-0.005510
946.000000,-0.008055,-0.002124,-0.001656,-0.001293,-0.022121
947.000000,-0.008567,-0.003804,-0.002250,-0.001410,-0.003622
948.000000,-0.007496,-0.005549,-0.002418,-0.001424,-0.002497
949.000000,-0.007661,-0.005638,-0.001369,-0.001750,-0.004557
950.000000,-0.003118,-0.003485,-0.001011,-0.000711,0.017207
951.000000,-0.001406,-0.004730,-0.000891,-0.001454,-0.013560
952.000000,0.000769,-0.003899,-0.000371,-0.000935,0.007255
953.000000,0.002350,-0.002573,-0.000625,-0.000741,0.005407
954.000000,0.002226,-0.002718,-0.000773,-0.000637,-0.005181
955.000000,-0.000490,-0.001804,-0.001074,-0.000909,0.003627
956.000000,0.004054,0.001324,-0.000400,-0.000662,0.009163
957.000000,0.002848,0.001809,-0.000998,-0.000897,0.001223
958.000000,0.000494,0.001422,-0.002064,-0.001138,-0.006365
959.000000,0.001171,0.001698,-0.001970,-0.000346,-0.001795
960.000000,0.001699,0.000604,-0.001440,-0.000473,0.006267
961.000000,-0.000089,0.001982,-0.001374,0.000067,0.000223
962.000000,-0.001094,0.000877,-0.001511,0.000045,-0.003799
963.000000,0.001251,0.000872,-0.000850,-0.000126,0.005360
964.000000,0.000449,0.000810,-0.000954,-0.000246,-0.005807
965.000000,0.003143,0.002421,0.000308,0.000091,0.019741
966.000000,-0.000670,-0.000380,0.000472,-0.000393,-0.018845
967.000000,-0.003798,-0.002446,-0.000318,-0.001480,-0.019436
968.000000,-0.000445,0.000403,0.000912,-0.001241,0.022120
969.000000,0.001962,0.001205,0.001452,-0.000912,0.006228
970.000000,0.002488,0.002816,0.001710,-0.000022,0.022374
971.000000,0.008200,0.003765,0.002874,0.000339,0.009714
972.000000,0.012474,0.004338,0.002608,0.000439,0.001932
973.000000,0.005460,0.002507,0.001690,0.000269,-0.012948
974.000000,0.008342,0.005152,0.002981,0.001081,0.020637
975.000000,0.004122,0.003305,0.002863,0.001307,0.001276
976.000000,0.003323,0.005762,0.002691,0.002235,0.005721
977.000000,0.003696,0.008085,0.002820,0.002483,0.003796
978.000000,0.006286,0.005873,0.003138,0.002566,0.000000
979.000000,0.003575,0.005958,0.003582,0.002954,0.007081
980.000000,0.005574,0.004848,0.003832,0.002756,0.011272
981.000000,0.008197,0.005760,0.004762,0.003836,0.018834
982.000000,0.005358,0.004527,0.004433,0.003247,-0.010397
983.000000,0.008368,0.007327,0.004917,0.003569,0.015050
984.000000,0.008720,0.006148,0.005650,0.004036,0.008843
985.000000,0.006146,0.005860,0.004582,0.003862,-0.001602
986.000000,-0.004098,0.002049,0.003906,0.002477,-0.032382
987.000000,-0.002806,0.001276,0.004680,0.002305,-0.003941
988.000000,-0.005111,0.001628,0.003751,0.002635,0.003527
989.000000,-0.004615,0.002053,0.004006,0.003072,0.011325
990.000000,-0.003599,0.001273,0.003061,0.002979,0.003475
991.000000,0.006196,0.001049,0.003405,0.003525,0.016593
992.000000,0.008663,0.002928,0.003728,0.003931,0.008393
993.000000,0.008791,0.001840,0.004584,0.003891,0.004170
994.000000,0.006685,0.001035,0.003591,0.004111,0.000792
995.000000,0.007017,0.001709,0.003784,0.003625,0.005135
996.000000,0.000160,0.003178,0.002614,0.003663,-0.017689
997.000000,0.000556,0.004609,0.002943,0.004657,0.010373
998.000000,-0.003237,0.002777,0.002203,0.003426,-0.014794
999.000000,-0.001710,0.002487,0.002270,0.003499,0.008424
1000.000000,-0.001940,0.002538,0.001906,0.002887,0.003986
1001.000000,0.000200,0.000180,0.000615,0.002330,-0.006987
1002.000000,-0.002637,-0.001040,0.000944,0.002138,-0.003813
1003.000000,0.001725,-0.000756,0.000542,0.002804,0.007013
1004.000000,-0.005754,-0.003732,-0.001349,0.001150,-0.028970
1005.000000,-0.010118,-0.006029,-0.002160,0.000513,-0.017835
1006.000000,-0.006308,-0.003054,0.000062,0.000725,0.012063
1007.000000,-0.007791,-0.005214,-0.000302,0.000224,-0.011227
1008.000000,-0.006206,-0.002240,0.000268,0.000722,0.014941
1009.000000,0.002695,-0.001530,0.000479,0.001004,0.015533
1010.000000,0.004674,-0.002722,-0.000092,0.000363,-0.007941
1011.000000,0.000392,-0.002958,-0.001389,-0.000576,-0.009346
1012.000000,-0.001385,-0.004588,-0.002814,-0.000900,-0.020110
1013.000000,-0.003658,-0.004932,-0.002844,-0.001283,0.003573
1014.000000,-0.005610,-0.001458,-0.002595,-0.001385,0.005773
1015.000000,-0.004716,-0.000021,-0.003025,-0.001447,-0.003468
1016.000000,-0.002668,-0.001138,-0.002096,-0.000338,0.000893
1017.000000,0.002053,0.000334,-0.002440,-0.000090,0.003492
1018.000000,0.000628,-0.001515,-0.001878,-0.000326,-0.003549
1019.000000,-0.002628,-0.004119,-0.002824,-0.001054,-0.010511
1020.000000,-0.001428,-0.003072,-0.002897,-0.001085,0.002533
1021.000000,-0.001987,-0.002327,-0.002643,-0.001702,-0.001899
1022.000000,-0.001758,0.000147,-0.002220,-0.001827,0.004635
1023.000000,-0.000335,0.000147,-0.002393,-0.001847,0.003567
1024.000000,0.001558,-0.000535,-0.000997,-0.001908,-0.001048
1025.000000,0.001303,-0.000063,-0.000042,-0.002038,0.001257
1026.000000,0.000042,-0.000972,-0.001055,-0.001721,-0.008201
1027.000000,0.001591,-0.000083,0.000125,-0.001654,0.012381
1028.000000,-0.003764,-0.002049,-0.001782,-0.001935,-0.023208
1029.000000,-0.002066,-0.000254,-0.002187,-0.001968,0.007443
1030.000000,-0.000461,0.000421,-0.001326,-0.001791,0.009279
1031.000000,-0.001313,-0.000636,-0.001481,-0.001974,-0.012462
1032.000000,-0.004045,-0.001227,-0.000540,-0.001889,-0.001276
1033.000000,0.001107,-0.001328,-0.000591,-0.002038,0.002550
1034.000000,0.000930,-0.000568,-0.000552,-0.000854,0.006559
1035.000000,0.000754,0.000146,0.000042,0.000021,0.008400
1036.000000,0.003414,0.001050,0.000039,-0.000353,0.000836
1037.000000,0.002376,-0.000835,-0.000459,-0.000195,-0.006467
1038.000000,0.001565,0.001336,-0.000357,-0.000743,-0.001505
1039.000000,0.001136,0.001033,0.000389,-0.001114,0.004413
1040.000000,-0.001259,-0.000252,0.000084,-0.000968,-0.003571
1041.000000,0.001541,0.002477,0.000921,-0.000162,0.014833
1042.000000,0.003242,0.002809,0.000791,0.000577,0.002042
1043.000000,0.003052,0.002308,0.000490,0.000375,-0.002459
1044.000000,0.001929,0.001532,0.000482,0.000143,-0.001200
1045.000000,0.004000,0.001371,0.000759,0.000485,0.006785
1046.000000,-0.001687,-0.000073,0.000489,0.000002,-0.013603
1047.000000,-0.000492,0.001375,0.000270,0.000152,0.008018
1048.000000,-0.001181,0.000935,0.001135,0.000074,-0.005906
1049.000000,-0.003529,-0.000800,0.000116,-0.000007,-0.012939
1050.000000,-0.006456,-0.001228,-0.000740,-0.000353,-0.007851
1051.000000,-0.004091,-0.002889,-0.000206,-0.000349,-0.001778
1052.000000,-0.009124,-0.004808,-0.000999,-0.001075,-0.017147
1053.000000,-0.007371,-0.004276,-0.000984,-0.001099,0.002862
1054.000000,-0.003798,-0.003664,-0.001066,-0.000900,0.004924
1055.000000,-0.001239,-0.003848,-0.001239,-0.000777,0.004943
1056.000000,-0.000712,-0.002402,-0.001238,-0.000475,0.000857
1057.000000,0.006955,-0.001084,0.000145,-0.000181,0.021192
1058.000000,0.005782,-0.000794,0.000071,0.000492,-0.003003
1059.000000,0.008172,0.002187,0.000693,0.000807,0.016872
1060.000000,0.005997,0.002379,0.000575,0.000300,-0.005932
1061.000000,0.005984,0.002636,-0.000127,0.000741,0.000792
1062.000000,0.000962,0.003959,-0.000425,0.000653,-0.003918
1063.000000,0.002354,0.004068,-0.000104,0.000700,0.003957
1064.000000,0.000265,0.004218,0.000277,0.000696,0.006423
1065.000000,0.000000,0.002999,-0.000425,0.000174,-0.007255
1066.000000,0.000461,0.003222,0.000410,0.000249,0.003095
1067.000000,0.001911,0.001436,0.000176,0.000576,0.003333
1068.000000,0.001986,0.002170,0.000688,0.000770,0.004331
1069.000000,0.001071,0.000668,0.001427,0.000685,0.001851
1070.000000,0.000728,0.000364,0.001372,0.000505,-0.008968
1071.000000,0.007410,0.003935,0.003286,0.001227,0.036502
1072.000000,0.008459,0.005185,0.004572,0.001445,0.008576
1073.000000,0.008200,0.005093,0.004581,0.001628,0.003039
1074.000000,0.008895,0.004983,0.004601,0.001846,0.005323
1075.000000,0.011888,0.006308,0.004653,0.001820,0.005998
1076.000000,0.005211,0.006311,0.004766,0.002377,0.003120
1077.000000,0.004159,0.006309,0.003873,0.002220,0.003314
1078.000000,0.001991,0.005095,0.003633,0.002157,-0.007802
1079.000000,0.003337,0.006116,0.003392,0.002990,0.012053
1080.000000,0.001944,0.006916,0.003640,0.003220,-0.000967
1081.000000,0.001085,0.003148,0.003542,0.003240,-0.001173
1082.000000,0.000695,0.002427,0.003806,0.003857,0.001366
1083.000000,0.002912,0.002452,0.003772,0.003871,0.003282
1084.000000,0.001041,0.002189,0.003586,0.003797,0.002695
1085.000000,0.002078,0.002011,0.004160,0.003773,0.004220
1086.000000,0.004672,0.002879,0.004595,0.004137,0.011798
1087.000000,0.003679,0.002187,0.004248,0.003311,-0.003601
1088.000000,-0.000386,0.001263,0.003179,0.002843,-0.017042
1089.000000,-0.002165,-0.000562,0.002777,0.002074,-0.006199
1090.000000,-0.003207,-0.000564,0.003176,0.002238,-0.000992
1091.000000,-0.007360,-0.001344,0.000902,0.001913,-0.008968
1092.000000,-0.008602,-0.002461,-0.000017,0.001717,-0.009807
1093.000000,-0.003310,-0.001848,0.000302,0.001899,0.009414
1094.000000,-0.002818,-0.002491,-0.000151,0.001560,-0.003738
1095.000000,-0.004720,-0.003963,-0.000976,0.001452,-0.010500
1096.000000,-0.001933,-0.004647,-0.000884,0.001514,0.004967
1097.000000,-0.002097,-0.005349,-0.001581,0.001049,-0.010629
1098.000000,-0.003167,-0.003238,-0.000988,0.001040,0.004068
1099.000000,-0.001702,-0.002260,-0.001411,0.001098,0.003584
1100.000000,-0.001479,-0.003100,-0.001832,0.001084,-0.009386
1101.000000,-0.004003,-0.002968,-0.002156,-0.000388,-0.007654
1102.000000,-0.001353,-0.001725,-0.002093,-0.000586,0.002625
1103.000000,-0.001763,-0.002465,-0.002156,-0.000620,0.002015
1104.000000,-0.000916,-0.001309,-0.001900,-0.000537,0.007818
1105.000000,0.001718,0.000119,-0.001922,-0.000611,0.003787
1106.000000,0.004794,0.000396,-0.002126,-0.000457,0.007728
1107.000000,0.005882,0.002265,-0.001542,-0.000299,0.008061
1108.000000,0.004576,0.001406,-0.000916,-0.000190,-0.004514
1109.000000,0.003248,0.001166,-0.000547,-0.000552,0.001179
1110.000000,0.003822,0.002770,-0.000165,-0.000298,0.006658
1111.000000,0.004991,0.004892,0.000962,0.000193,0.013569
1112.000000,0.005641,0.005761,0.002018,0.000525,0.011314
1113.000000,0.004877,0.004727,0.001131,0.000138,-0.008334
1114.000000,0.004545,0.003897,0.001294,0.000032,-0.000480
1115.000000,0.003050,0.003436,0.001778,-0.000136,-0.000818
1116.000000,0.001420,0.003205,0.001800,-0.000349,0.005417
1117.000000,0.000908,0.003275,0.002770,0.000063,0.008755
1118.000000,0.003445,0.004161,0.002784,0.000776,0.004349
1119.000000,0.003541,0.004043,0.002604,0.000983,0.000000
1120.000000,0.004278,0.003664,0.003217,0.001112,0.002868
1121.000000,0.002092,0.001756,0.003324,0.001227,-0.005513
1122.000000,0.001058,0.000983,0.003372,0.001673,0.003588
1123.000000,-0.002277,0.000584,0.002655,0.000948,-0.012328
1124.000000,-0.003887,-0.000173,0.001862,0.000805,-0.008048
1125.000000,-0.006782,-0.001252,0.001092,0.000768,-0.011610
1126.000000,-0.005097,-0.001502,0.000851,0.000699,0.002915
1127.000000,-0.004885,-0.001913,0.000681,0.001209,0.004647
1128.000000,-0.001571,-0.001924,0.001118,0.001214,0.004241
1129.000000,-0.001551,-0.002719,0.000662,0.000830,-0.007946
1130.000000,0.001474,-0.002654,0.000505,0.001260,0.003513
1131.000000,0.000039,-0.002529,-0.000387,0.001373,-0.004259
1132.000000,-0.000302,-0.002593,-0.000805,0.001384,0.002943
1133.000000,-0.001150,-0.001361,-0.000388,0.001317,0.000000
1134.000000,-0.001747,-0.001649,-0.000911,0.000692,-0.010930
1135.000000,-0.003607,-0.001066,-0.001159,0.000373,-0.005786
1136.000000,-0.001990,-0.000976,-0.001239,0.000242,0.003823
1137.000000,-0.003954,-0.002128,-0.002021,-0.000256,-0.006876
1138.000000,-0.005497,-0.003324,-0.002624,-0.000362,-0.007717
1139.000000,-0.001866,-0.001806,-0.002263,-0.000161,0.007228
1140.000000,-0.003112,-0.003359,-0.003007,-0.000783,-0.012017
1141.000000,-0.002642,-0.002316,-0.002422,-0.001030,0.006173
1142.000000,-0.000197,-0.002076,-0.002335,-0.001229,0.005347
1143.000000,0.001938,-0.001780,-0.001570,-0.000852,0.002958
1144.000000,0.002452,0.000293,-0.000678,-0.000510,0.009798
1145.000000,0.008947,0.002918,0.000926,0.000200,0.020460
1146.000000,0.009614,0.003486,0.001255,0.000336,0.009508
1147.000000,0.006605,0.003204,0.000538,-0.000279,-0.009699
1148.000000,0.006357,0.004147,0.000412,-0.000367,0.001718
1149.000000,0.004893,0.003672,0.000933,-0.000284,0.002477
1150.000000,0.001143,0.005045,0.000843,-0.000323,0.001711
1151.000000,-0.002246,0.003684,0.000684,-0.000387,-0.007436
1152.000000,-0.000881,0.002862,0.000393,-0.000602,-0.002875
1153.000000,0.000305,0.003331,0.000776,0.000064,0.007648
1154.000000,-0.000381,0.002256,0.001274,0.000300,-0.000953
1155.000000,-0.000205,0.000469,0.001693,0.000773,0.002590
1156.000000,0.005661,0.001708,0.002597,0.001406,0.021894
1157.000000,0.006105,0.002612,0.002908,0.001229,-0.000651
1158.000000,0.004855,0.002580,0.003364,0.001135,0.001395
1159.000000,0.004077,0.001848,0.002760,0.001238,-0.004843
1160.000000,0.003732,0.001763,0.003404,0.001150,0.000866
1161.000000,-0.001007,0.002327,0.003006,0.001232,-0.001803
1162.000000,0.000153,0.003129,0.002996,0.001305,0.005148
1163.000000,-0.000635,0.002110,0.002721,0.001220,-0.002541
1164.000000,0.000579,0.002328,0.002292,0.001626,0.001226
1165.000000,-0.001922,0.000905,0.000687,0.001430,-0.011642
1166.000000,-0.001642,-0.001325,0.000191,0.001290,-0.000403
1167.000000,-0.002044,-0.000946,0.000833,0.001623,0.003140
1168.000000,-0.000030,-0.000332,0.001124,0.002132,0.007529
1169.000000,0.000704,0.000642,0.001245,0.002054,0.004899
1170.000000,0.003756,0.000917,0.001340,0.002575,0.003617
1171.000000,0.003911,0.001134,0.001730,0.002382,0.000370
1172.000000,0.003283,0.000620,0.001874,0.002204,0.000002
1173.000000,0.002036,0.001003,0.001556,0.002148,0.001291
1174.000000,0.000723,0.000714,0.001521,0.001766,-0.001663
1175.000000,0.001841,0.002799,0.001852,0.001391,0.009205
1176.000000,0.002787,0.003349,0.001012,0.001244,0.005100
1177.000000,0.001950,0.002617,0.000835,0.001428,-0.004184
1178.000000,-0.000925,0.000555,0.000111,0.000934,-0.013084
1179.000000,-0.001894,-0.000585,0.000028,0.000635,-0.006508
1180.000000,-0.002954,-0.000556,0.000180,0.000708,0.003908
1181.000000,-0.004458,-0.000835,0.000149,0.000875,-0.002421
1182.000000,-0.005199,-0.001625,-0.000503,0.000708,-0.007891
1183.000000,-0.002877,-0.001901,-0.000449,0.000404,-0.001474
1184.000000,-0.000337,-0.001116,-0.000201,0.000642,0.006191
1185.000000,-0.000932,-0.001943,0.000428,0.000587,0.000935
1186.000000,-0.001159,-0.002808,0.000270,-0.000261,-0.003556
1187.000000,0.000963,-0.002118,0.000249,-0.000149,0.002721
1188.000000,0.000826,-0.001025,-0.000235,-0.000268,-0.002158
1189.000000,-0.001276,-0.000807,-0.000696,-0.000250,-0.004320
1190.000000,-0.001199,-0.001066,-0.000811,-0.000235,0.001317
1191.000000,0.001234,0.000037,-0.000399,0.000112,0.008609
1192.000000,0.001526,0.001245,-0.000190,0.000080,0.004184
1193.000000,0.001763,0.001295,-0.000303,0.000132,-0.000977
1194.000000,0.003063,0.000894,-0.000111,0.000164,0.002180
1195.000000,0.001610,0.000205,-0.000869,0.000354,-0.005947
1196.000000,0.002076,0.001655,-0.000577,0.000732,0.010941
1197.000000,0.003696,0.002611,0.000247,0.001037,0.012281
1198.000000,0.005741,0.003752,0.001363,0.001094,0.009248
1199.000000,0.005810,0.004436,0.001815,0.001015,0.002524
1200.000000,0.005590,0.003600,0.001267,0.000659,-0.007045
1201.000000,0.003612,0.002844,0.001441,0.000682,0.001049
1202.000000,0.002264,0.002980,0.002112,0.000867,0.005545
1203.000000,0.000936,0.003339,0.002317,0.000911,0.002609
1204.000000,0.000252,0.003031,0.001962,0.000936,-0.000899
1205.000000,0.000937,0.003264,0.001735,0.000509,-0.003617
1206.000000,-0.000837,0.001387,0.001521,0.000078,-0.007825
1207.000000,-0.001428,0.000418,0.001515,0.000304,0.002592
1208.000000,-0.000524,0.000206,0.001979,0.000978,0.007130
1209.000000,-0.000648,-0.000198,0.002119,0.001144,-0.001521
1210.000000,0.000131,0.000534,0.002067,0.001023,0.000278
1211.000000,0.000809,-0.000014,0.001415,0.000956,-0.004436
1212.000000,-0.000400,-0.000914,0.001033,0.001104,-0.003448
1213.000000,-0.001426,-0.000975,0.001182,0.001219,0.001998
1214.000000,0.000792,0.000072,0.001551,0.001332,0.009569
1215.000000,-0.000170,-0.000170,-0.000170,-0.000170,0.009051
1216.000000,0.000579,0.000694,0.001040,0.001245,-0.014276
1217.000000,0.002601,0.001101,0.000759,0.001377,0.006661
1218.000000,0.001250,-0.000088,0.000059,0.001290,-0.004756
1219.000000,-0.003246,-0.001227,-0.000713,0.001004,-0.012913
1220.000000,-0.008312,-0.002883,-0.001174,0.000417,-0.016277
1221.000000,-0.004383,-0.001902,-0.000958,0.000309,0.005369
1222.000000,-0.004993,-0.001196,-0.001055,0.000290,0.003612
1223.000000,-0.004326,-0.001538,-0.001256,0.000275,-0.001423
1224.000000,-0.002528,-0.002887,-0.001408,0.000072,-0.003923
1225.000000,0.000636,-0.003838,-0.001250,0.000255,-0.000455
1226.000000,-0.000575,-0.002479,-0.000893,-0.000133,-0.000687
1227.000000,0.001298,-0.001847,-0.000373,-0.000109,0.012979
1228.000000,0.001693,-0.001317,-0.000702,-0.000399,0.000548
1229.000000,0.003279,0.000376,-0.000426,-0.000350,0.004011
1230.000000,0.003969,0.002303,-0.000290,-0.000015,0.002994
1231.000000,0.004234,0.001830,-0.000036,-0.000029,0.000640
1232.000000,0.004304,0.002801,0.000802,0.000230,0.013325
1233.000000,0.004158,0.002925,0.000694,0.000137,-0.000179
1234.000000,0.002818,0.003049,0.000081,0.000078,-0.002687
1235.000000,0.004219,0.004094,0.000128,0.000532,0.009997
1236.000000,0.004795,0.004515,0.001018,0.000910,0.003521
1237.000000,0.004808,0.004556,0.001354,0.001270,0.013386
1238.000000,0.005297,0.004728,0.001705,0.001108,0.002268
1239.000000,0.004961,0.003890,0.002133,0.001013,-0.004366
1240.000000,0.002542,0.003380,0.002841,0.000933,-0.002102
1241.000000,-0.001384,0.001706,0.001768,0.000544,-0.016106
1242.000000,-0.006208,-0.000700,0.001050,0.000302,-0.010733
1243.000000,-0.006481,-0.000592,0.001167,0.000265,0.000900
1244.000000,-0.005092,-0.000066,0.001492,0.000032,0.002579
