1.000000,0.069909,0.025683,0.020410,0.010415,0.008820,0.017125,0.004526,-0.006423,-0.009305,-0.003875,0.000000
1.000000,-0.000855,0.021662,0.019906,0.010636,0.008532,0.016886,0.004564,-0.008257,-0.010726,-0.004190,0.000000
1.000000,0.004268,0.015952,0.021382,0.011115,0.008896,0.017541,0.005003,-0.009925,-0.008581,0.003108,0.000000
1.000000,-0.027636,0.013774,0.019466,0.009733,0.007717,0.017848,0.006896,-0.007922,-0.004783,0.006078,0.000000
1.000000,-0.048440,-0.000551,0.008935,0.007099,0.005736,0.018489,0.007511,-0.007499,-0.002890,0.006630,0.000000
1.000000,-0.046082,-0.023749,0.000967,0.004689,0.004713,0.017917,0.006499,-0.002313,0.002601,0.006688,0.000000
1.000000,0.005758,-0.022426,-0.000382,0.004924,0.004942,0.018028,0.006305,-0.003218,0.002348,0.007159,0.000000
1.000000,-0.016402,-0.026560,-0.005304,0.003370,0.004248,0.017462,0.010033,0.001984,-0.001059,0.006732,0.000000
1.000000,0.004852,-0.020063,-0.003145,0.005847,0.004373,0.016875,0.010635,0.003282,-0.000029,0.005046,0.000000
1.000000,-0.007775,-0.011930,-0.006240,0.005676,0.002638,0.016674,0.013389,0.003113,0.000461,0.011484,0.000000
1.000000,-0.015733,-0.005860,-0.014804,0.002803,0.002008,0.016827,0.013833,0.002297,0.000518,0.012576,0.000000
1.000000,0.010843,-0.004843,-0.013635,0.003136,0.002546,0.016867,0.013137,0.002029,0.000614,0.013885,0.000000
1.000000,0.000980,-0.001367,-0.013963,0.003709,0.002755,0.014075,0.012326,0.007345,0.001928,0.013563,0.000000
1.000000,0.037486,0.005160,-0.007451,0.006007,0.004005,0.013274,0.011840,0.012233,0.003952,0.007513,0.000000
1.000000,-0.006626,0.005390,-0.003270,0.002833,0.003642,0.014403,0.007089,0.014070,0.006166,0.005676,0.000000
1.000000,-0.012423,0.006052,0.000096,0.000532,0.003158,0.013525,0.004615,0.015789,0.001860,-0.000808,0.000000
1.000000,-0.020399,-0.000196,-0.002520,-0.001451,0.002443,0.013153,0.004877,0.016537,0.002188,0.002537,0.000000
1.000000,0.000981,-0.000196,-0.000781,-0.003043,0.001986,0.013123,0.005695,0.016784,0.000976,0.003363,0.000000
1.000000,0.021339,-0.003425,0.000867,-0.001139,0.004187,0.013311,0.005137,0.017047,0.001463,0.004564,0.000000
1.000000,-0.007707,-0.003642,0.000874,-0.002683,0.004076,0.012122,0.004193,0.015884,-0.004242,0.002503,0.000000
1.000000,0.001932,-0.000771,0.002641,-0.006082,0.002749,0.011627,0.003072,0.017783,0.001514,0.005410,0.000000
1.000000,0.018174,0.006944,0.003374,-0.005130,0.003215,0.011719,0.003540,0.016993,-0.000225,0.004076,0.000000
1.000000,-0.043590,-0.001970,-0.001083,-0.007523,0.002112,0.012508,0.003969,0.014439,-0.004118,0.005058,0.000000
1.000000,-0.004963,-0.007231,-0.005328,-0.006390,0.002229,0.011541,0.003230,0.007148,-0.008255,0.008365,0.000000
1.000000,-0.002990,-0.006287,-0.004965,-0.004117,0.000234,0.011421,0.002940,0.007247,-0.008119,0.008566,0.000000
1.000000,-0.001998,-0.007073,-0.003922,-0.001913,-0.000953,0.011371,0.003293,0.008139,-0.007588,0.008988,0.000000
1.000000,0.032467,-0.004215,0.001365,-0.000577,-0.000512,0.011531,0.002253,0.008210,-0.007968,0.002777,0.000000
1.000000,-0.028475,-0.001192,-0.001581,-0.001181,-0.002556,0.011792,0.002333,0.008207,-0.008277,-0.000847,0.000000
1.000000,0.000000,-0.000199,-0.003715,-0.001424,-0.001997,0.015618,0.006778,0.007004,-0.005605,0.009249,0.000000
1.000000,0.022650,0.004929,-0.000679,0.000097,-0.002015,0.014165,0.003291,0.014453,0.003376,0.003551,0.000000
1.000000,-0.033667,-0.001405,-0.004239,-0.000799,-0.005468,0.014005,0.002908,0.020028,0.014992,0.004234,0.000000
1.000000,-0.004036,-0.008706,-0.006460,-0.001543,-0.005574,0.016314,0.003785,0.023095,0.024887,0.005512,0.000000
1.000000,0.027918,0.002573,0.000691,-0.000196,-0.004785,0.016904,0.004434,0.022153,0.025202,0.008419,0.000000
1.000000,-0.036040,-0.004635,-0.002417,-0.003873,-0.005065,0.016876,0.004488,0.023379,0.025537,0.007542,0.000000
1.000000,0.037023,-0.001760,0.001584,-0.001690,-0.002217,0.016801,0.001993,0.021952,0.028754,0.011372,0.000000
1.000000,0.017527,0.008478,0.003537,-0.000193,-0.000096,0.016950,0.002255,0.021052,0.027580,0.011020,0.000000
1.000000,-0.056591,-0.002033,-0.005369,-0.002002,-0.002175,0.018296,0.002738,0.021491,0.025548,0.013663,0.000000
1.000000,0.019222,-0.003772,-0.000599,-0.001090,-0.000987,0.019048,0.002406,0.021151,0.028036,0.014679,0.000000
1.000000,0.004000,0.004236,-0.000199,-0.001957,-0.001016,0.018304,0.003665,0.021659,0.027925,0.014600,0.000000
1.000000,0.003984,-0.002372,-0.002066,-0.001373,-0.000624,0.018296,0.004407,0.020835,0.027185,0.011402,0.000000
1.000000,-0.045763,-0.015030,-0.003276,-0.003757,-0.001625,0.018247,0.003814,0.027260,0.033596,0.009649,0.000000
1.000000,-0.008360,-0.005383,-0.003708,-0.005084,-0.002265,0.018085,0.004274,0.028682,0.035051,0.008279,0.000000
1.000000,-0.003153,-0.009858,-0.006815,-0.003062,-0.002403,0.017077,0.002649,0.031974,0.033473,0.008423,0.000000
1.000000,0.007341,-0.009190,-0.002477,-0.002447,-0.003407,0.017188,0.002409,0.031882,0.033976,0.008232,0.000000
1.000000,0.019659,-0.006055,-0.004213,-0.001315,-0.002531,0.017215,0.002241,0.033505,0.035258,0.008633,0.000000
1.000000,-0.002051,0.002687,-0.006171,-0.001317,-0.002185,0.017180,0.001574,0.034122,0.035643,0.008411,0.000000
1.000000,-0.011358,0.002088,-0.001648,-0.003508,-0.001884,0.016966,0.002641,0.032132,0.033626,0.009854,0.000000
1.000000,0.005179,0.003754,-0.003052,-0.001826,-0.001744,0.017291,0.004066,0.031100,0.035429,0.010857,0.000000
1.000000,0.006179,0.003522,-0.002834,-0.001517,-0.002250,0.016349,0.004437,0.033673,0.038670,0.010994,0.000000
1.000000,-0.009283,-0.002267,-0.004161,-0.003113,-0.002302,0.016092,0.003156,0.029394,0.034302,0.012833,0.000000
1.000000,-0.005195,-0.002896,-0.000104,-0.001690,-0.002540,0.015989,0.003809,0.023431,0.030694,0.015105,0.000000
1.000000,0.008299,0.001036,0.001562,-0.001073,-0.002869,0.016445,0.004330,0.024901,0.034729,0.012445,0.000000
1.000000,-0.006218,-0.001244,0.001255,-0.002780,-0.001623,0.016066,0.004963,0.025981,0.033856,0.009448,0.000000
1.000000,0.006218,-0.001236,0.001143,-0.000667,-0.001250,0.015736,0.003912,0.029560,0.032722,0.008256,0.000000
1.000000,-0.012474,-0.001874,-0.002070,-0.003142,-0.001567,0.018394,-0.003339,0.028162,0.029442,0.015451,0.000000
1.000000,-0.001047,-0.001044,-0.001970,-0.004071,-0.001535,0.018874,-0.000827,0.030755,0.033322,0.013316,0.000000
1.000000,0.010417,-0.000621,0.000207,-0.000720,-0.002270,0.019619,0.001109,0.029224,0.035232,0.012746,0.000000
1.000000,0.000000,0.000623,-0.000310,-0.001681,-0.001321,0.019449,0.001798,0.028792,0.031957,0.014008,0.000000
1.000000,-0.005195,-0.001660,-0.001448,-0.002141,-0.001494,0.019963,0.001173,0.028386,0.032866,0.013878,0.000000
1.000000,0.013451,0.003525,0.000826,-0.001668,-0.001800,0.020553,-0.000024,0.024887,0.030090,0.014847,0.000000
1.000000,-0.029199,-0.002105,-0.001575,-0.000839,-0.001652,0.017479,0.003660,0.025902,0.034407,0.014923,0.000000
1.000000,0.008430,-0.002503,-0.001562,-0.000000,-0.001236,0.017957,0.000948,0.023853,0.032707,0.016010,0.000000
1.000000,0.005233,-0.001456,-0.000417,0.000419,-0.001992,0.017288,0.000166,0.026789,0.037485,0.014051,0.000000
1.000000,0.014508,0.002485,0.000412,0.000778,-0.000307,0.017282,0.000311,0.026736,0.037370,0.014313,0.000000
1.000000,0.015314,0.002857,0.003191,0.000560,-0.001031,0.015087,0.001043,0.026398,0.031520,0.015311,0.000000
1.000000,0.012085,0.011114,0.004504,0.001267,-0.001212,0.015326,0.002793,0.021304,0.026197,0.012890,0.000000
1.000000,-0.011072,0.007214,0.002355,0.001281,0.000305,0.015406,0.002880,0.020815,0.026204,0.014994,0.000000
1.000000,0.007060,0.007579,0.003061,0.001376,-0.000100,0.015131,0.002544,0.020637,0.026287,0.014642,0.000000
1.000000,-0.008073,0.003063,0.002774,0.000663,-0.000503,0.014583,0.002739,0.022391,0.024752,0.010240,0.000000
1.000000,-0.011207,-0.002241,0.000308,0.000567,-0.001009,0.014389,0.003069,0.021068,0.023446,0.010389,0.000000
1.000000,-0.025949,-0.009848,0.000633,-0.000471,-0.000349,0.012490,0.000011,0.022901,0.020527,0.008167,0.000000
1.000000,0.005244,-0.006585,0.000314,-0.000624,0.000105,0.012191,-0.000152,0.023154,0.020443,0.008477,0.000000
1.000000,-0.004193,-0.008836,-0.000628,-0.000522,0.000070,0.011249,0.000438,0.019487,0.018462,0.011857,0.000000
1.000000,0.022846,-0.002652,0.000206,0.000309,0.000587,0.011474,0.001030,0.018466,0.025419,0.013993,0.000000
1.000000,0.018312,0.003252,0.000505,0.001848,0.000542,0.011718,0.001097,0.017846,0.024402,0.014988,0.000000
1.000000,-0.017286,0.004985,-0.002432,0.001036,0.000034,0.011368,0.003010,0.016376,0.024592,0.022191,0.000000
1.000000,0.001025,0.004141,-0.001222,0.000567,0.000447,0.011608,0.002370,0.013848,0.024165,0.021000,0.000000
1.000000,0.008163,0.006612,-0.001112,0.000975,0.000546,0.011737,0.002139,0.013441,0.024126,0.021387,0.000000
1.000000,0.059189,0.013881,0.005614,0.004194,0.002313,0.011644,0.005140,0.009364,0.020075,0.014888,0.000000
1.000000,0.043118,0.018842,0.011047,0.005677,0.004060,0.011974,0.003967,0.007586,0.021001,0.017559,0.000000
1.000000,0.112673,0.044834,0.024909,0.012771,0.007989,0.015389,0.003299,0.009563,0.032770,0.004413,0.000000
1.000000,0.053463,0.055321,0.029731,0.015023,0.009495,0.015326,0.005725,0.009888,0.036100,0.000454,0.000000
1.000000,-0.029170,0.047855,0.027233,0.013303,0.008729,0.013616,0.007678,0.008514,0.032414,-0.000995,0.000000
1.000000,0.048409,0.045699,0.029790,0.014998,0.010136,0.013705,0.009284,0.006389,0.023643,-0.008688,0.000000
1.000000,0.033724,0.043820,0.031331,0.015918,0.011676,0.013494,0.010185,0.006230,0.022225,-0.010210,0.000000
1.000000,0.029766,0.027238,0.036036,0.016802,0.012703,0.012420,0.010379,0.009349,0.019248,-0.011898,0.000000
1.000000,0.027515,0.022049,0.038685,0.018732,0.013273,0.012620,0.010437,0.010239,0.021545,-0.007712,0.000000
1.000000,-0.001393,0.027604,0.037729,0.018309,0.013226,0.011947,0.010825,0.011470,0.020993,-0.004397,0.000000
1.000000,0.000000,0.017922,0.031811,0.018713,0.013400,0.011741,0.010937,0.011826,0.020278,-0.003821,0.000000
1.000000,-0.028270,0.005524,0.024672,0.017859,0.012009,0.012466,0.008409,0.015635,0.026018,-0.002629,0.000000
1.000000,-0.026145,-0.005659,0.010790,0.017850,0.012111,0.011321,0.010301,0.015588,0.022413,-0.006979,0.000000
1.000000,0.046721,-0.001818,0.010116,0.019923,0.013387,0.012068,0.010002,0.016167,0.022644,-0.005680,0.000000
1.000000,0.037896,0.006040,0.016822,0.022028,0.014476,0.012469,0.008986,0.017233,0.023866,-0.004104,0.000000
1.000000,0.027344,0.011509,0.014716,0.022253,0.014904,0.011009,0.010366,0.014843,0.022069,-0.007358,0.000000
1.000000,0.009820,0.019127,0.012325,0.021828,0.014721,0.011449,0.011014,0.013387,0.020416,-0.010499,0.000000
1.000000,-0.000652,0.024226,0.009284,0.022660,0.014296,0.011735,0.010310,0.010834,0.018050,-0.008697,0.000000
1.000000,-0.001305,0.014621,0.006402,0.022543,0.014622,0.008779,0.013138,0.006446,0.019967,-0.015647,0.000000
1.000000,-0.033182,0.000405,0.003223,0.020476,0.013280,0.008472,0.014500,0.005919,0.017130,-0.019688,0.000000
1.000000,0.006055,-0.003853,0.003828,0.017819,0.013751,0.008961,0.013713,0.006241,0.017349,-0.019819,0.000000
1.000000,0.011337,-0.003549,0.007789,0.016230,0.014503,0.008807,0.013960,0.006102,0.017115,-0.019901,0.000000
1.000000,0.024240,0.001429,0.012827,0.011809,0.016176,0.008275,0.015955,0.000849,0.012815,-0.020878,0.000000
1.000000,-0.002592,0.001171,0.007896,0.009006,0.015914,0.008412,0.016078,0.000558,0.013302,-0.020584,0.000000
1.000000,0.003239,0.008456,0.004430,0.010626,0.016162,0.009545,0.015784,-0.000772,0.015407,-0.020331,0.000000
1.000000,-0.003239,0.006597,0.001372,0.008044,0.015293,0.010483,0.014389,-0.000163,0.015905,-0.019849,0.000000
1.000000,0.023093,0.008948,0.002699,0.007512,0.015452,0.010696,0.014312,-0.000733,0.016774,-0.020012,0.000000
1.000000,0.010095,0.006119,0.003774,0.006529,0.016365,0.010866,0.015132,-0.002065,0.017317,-0.020010,0.000000
1.000000,-0.031890,0.000259,0.000715,0.003559,0.015267,0.013016,0.012406,0.000557,0.019663,-0.018052,0.000000
1.000000,0.006460,0.000904,0.004680,0.003951,0.015211,0.013029,0.012473,0.000445,0.019674,-0.017727,0.000000
1.000000,-0.003225,0.000906,0.003752,0.003790,0.013130,0.012216,0.013942,0.000624,0.020468,-0.016703,0.000000
1.000000,0.016974,-0.000317,0.004315,0.006052,0.012259,0.012363,0.014584,0.002514,0.021659,-0.016818,0.000000
1.000000,0.009796,-0.000377,0.002871,0.007849,0.008829,0.012144,0.014954,0.003894,0.024126,-0.016138,0.000000
1.000000,0.000000,0.006001,0.003130,0.005513,0.007047,0.012168,0.014995,0.003787,0.024245,-0.016189,0.000000
1.000000,0.015601,0.007829,0.004366,0.004398,0.008540,0.011988,0.015178,0.003794,0.024599,-0.015291,0.000000
1.000000,-0.009331,0.006608,0.003757,0.002565,0.006615,0.012074,0.015194,0.004559,0.024474,-0.014722,0.000000
1.000000,0.026520,0.008517,0.004100,0.003400,0.006375,0.011834,0.015434,0.003805,0.023085,-0.015852,0.000000
1.000000,0.035280,0.013614,0.006618,0.005196,0.006559,0.012721,0.014966,0.002825,0.024412,-0.016172,0.000000
1.000000,-0.004121,0.012790,0.009395,0.005055,0.005504,0.012873,0.014904,0.002760,0.024707,-0.015856,0.000000
1.000000,-0.031159,0.003438,0.005634,0.005157,0.004512,0.014599,0.013389,0.001147,0.026287,-0.016632,0.000000
1.000000,0.026428,0.010590,0.008599,0.006175,0.005393,0.014491,0.014478,-0.001132,0.025389,-0.016306,0.000000
1.000000,-0.021571,0.000971,0.004744,0.004530,0.005616,0.014925,0.013581,0.002281,0.026605,-0.015772,0.000000
1.000000,0.009644,-0.004156,0.004729,0.003800,0.006809,0.015007,0.012003,0.002968,0.027626,-0.014695,0.000000
1.000000,-0.009039,-0.005139,0.003825,0.003478,0.004951,0.013868,0.015001,0.003718,0.027148,-0.015172,0.000000
1.000000,0.021558,0.005404,0.004421,0.004394,0.004406,0.013783,0.015491,0.003474,0.026242,-0.014478,0.000000
1.000000,-0.001186,-0.000119,0.005236,0.004496,0.003455,0.013852,0.014895,0.003778,0.025646,-0.013118,0.000000
1.000000,0.019965,0.008189,0.004580,0.004340,0.003793,0.014257,0.014723,0.002778,0.025483,-0.015122,0.000000
1.000000,-0.012873,0.003685,-0.000235,0.003192,0.003386,0.014200,0.014837,0.002268,0.024533,-0.014770,0.000000
1.000000,-0.025650,0.000363,-0.002388,0.003504,0.002574,0.014419,0.012285,0.004690,0.023391,-0.018164,0.000000
1.000000,0.006625,-0.002624,0.001390,0.003512,0.003901,0.015024,0.013240,0.002790,0.024140,-0.019275,0.000000
1.000000,0.007177,-0.000951,-0.000535,0.004032,0.003939,0.014995,0.013381,0.002256,0.024211,-0.017185,0.000000
1.000000,0.009490,-0.003046,0.002571,0.003658,0.003877,0.014780,0.013561,0.000661,0.022849,-0.016994,0.000000
1.000000,0.016974,0.002923,0.003304,0.004017,0.003635,0.016190,0.017601,-0.000071,0.026100,-0.016465,0.000000
1.000000,0.021247,0.012303,0.006333,0.005079,0.004429,0.016713,0.017349,-0.000271,0.025164,-0.017437,0.000000
1.000000,0.010738,0.013125,0.005251,0.004836,0.004679,0.017395,0.016850,0.000977,0.023099,-0.021135,0.000000
1.000000,0.004487,0.012587,0.005818,0.005527,0.004937,0.017642,0.015363,-0.000090,0.019179,-0.024091,0.000000
1.000000,0.003910,0.011471,0.004212,0.004396,0.004297,0.017432,0.015514,0.000224,0.019993,-0.023330,0.000000
1.000000,0.003894,0.008855,0.005889,0.002827,0.004091,0.018830,0.013503,0.000818,0.023649,-0.028987,0.000000
1.000000,0.017612,0.008128,0.010215,0.003914,0.005741,0.018863,0.013962,0.002147,0.023101,-0.026869,0.000000
1.000000,-0.007117,0.004557,0.008841,0.005116,0.005288,0.018655,0.014051,0.005172,0.024306,-0.027511,0.000000
1.000000,0.000000,0.003660,0.008123,0.003794,0.005396,0.018084,0.013788,0.005982,0.024162,-0.025863,0.000000
1.000000,-0.012718,0.000334,0.005903,0.004237,0.004406,0.018371,0.015702,0.007922,0.023864,-0.030436,0.000000
1.000000,-0.010629,-0.002571,0.003142,0.003223,0.003725,0.014494,0.017957,0.005310,0.010724,-0.015486,0.000000
1.000000,0.073184,0.008544,0.008336,0.007334,0.006165,0.013386,0.019249,-0.002659,-0.002004,-0.013433,0.000000
1.000000,0.034929,0.016953,0.010755,0.008003,0.006809,0.014221,0.016380,-0.003414,-0.000910,-0.016901,0.000000
1.000000,0.041528,0.025259,0.014459,0.010139,0.008504,0.014094,0.013494,-0.003535,0.003120,-0.017026,0.000000
1.000000,-0.026996,0.022403,0.011369,0.007791,0.006720,0.013558,0.011994,-0.000202,0.002368,-0.017354,0.000000
1.000000,0.019705,0.028470,0.012950,0.009419,0.006201,0.014130,0.012378,-0.002264,0.004626,-0.017603,0.000000
1.000000,0.012603,0.016354,0.012449,0.011332,0.006759,0.013052,0.011752,-0.002782,0.001664,-0.018395,0.000000
1.000000,-0.004829,0.008403,0.012678,0.010759,0.007636,0.013166,0.011526,-0.001684,0.002106,-0.019640,0.000000
1.000000,0.013939,0.002885,0.014072,0.011098,0.007220,0.013110,0.011811,-0.002026,0.001967,-0.019941,0.000000
1.000000,-0.021226,0.004039,0.013221,0.009562,0.007232,0.013455,0.014723,-0.005872,-0.002393,-0.019184,0.000000
1.000000,-0.006849,-0.001272,0.013599,0.008371,0.006682,0.012650,0.012383,-0.007287,-0.007480,-0.018003,0.000000
1.000000,0.002452,-0.003303,0.006526,0.007431,0.007065,0.011797,0.012128,-0.007765,-0.008087,-0.019056,0.000000
1.000000,-0.010832,-0.004503,0.001950,0.006352,0.005985,0.011574,0.012541,-0.007834,-0.009304,-0.024000,0.000000
1.000000,-0.017983,-0.010888,-0.004002,0.005229,0.005425,0.011379,0.009477,-0.006551,-0.011522,-0.020847,0.000000
1.000000,0.008032,-0.005036,-0.000499,0.005435,0.005027,0.011724,0.009250,-0.005976,-0.010693,-0.021969,0.000000
1.000000,0.001000,-0.003466,-0.002369,0.005290,0.005490,0.011774,0.009709,-0.004630,-0.009281,-0.023026,0.000000
1.000000,-0.019163,-0.007789,-0.005546,0.003451,0.005706,0.011748,0.009686,-0.004611,-0.009400,-0.023176,0.000000
1.000000,0.013151,-0.002993,-0.003748,0.004465,0.005924,0.011285,0.008519,-0.004949,-0.010116,-0.021274,0.000000
1.000000,-0.018256,-0.003047,-0.006967,0.003552,0.005076,0.011066,0.008562,-0.004161,-0.011945,-0.019585,0.000000
1.000000,0.003066,-0.004041,-0.004538,0.004341,0.004862,0.011110,0.006814,-0.003619,-0.011507,-0.020607,0.000000
1.000000,-0.010257,-0.006292,-0.004879,0.004360,0.003954,0.011312,0.006939,-0.002739,-0.009776,-0.018441,0.000000
1.000000,0.032956,0.004132,-0.001829,0.002349,0.004344,0.011515,0.007142,-0.002007,-0.010140,-0.021102,0.000000
1.000000,-0.007509,-0.000000,-0.001496,0.000227,0.003736,0.010985,0.007969,-0.001797,-0.012168,-0.019812,0.000000
1.000000,-0.002516,0.003148,0.000050,-0.001976,0.003503,0.011332,0.006804,-0.000594,-0.011247,-0.018968,0.000000
1.000000,-0.032253,-0.003916,-0.003978,-0.002238,0.002297,0.010757,0.006136,-0.001815,-0.014339,-0.017889,0.000000
1.000000,-0.001041,-0.002073,-0.004182,-0.003276,0.002133,0.010582,0.006416,-0.002723,-0.016494,-0.016939,0.000000
1.000000,0.009331,-0.006798,-0.001333,-0.003439,0.001857,0.009694,0.005709,-0.002034,-0.016345,-0.016616,0.000000
1.000000,-0.030385,-0.011373,-0.005686,-0.004717,0.001081,0.010071,0.009418,-0.002134,-0.013974,-0.014006,0.000000
1.000000,0.003716,-0.010126,-0.003489,-0.005228,0.001205,0.010871,0.008203,-0.002548,-0.013430,-0.012814,0.000000
1.000000,0.025119,0.001348,-0.001284,-0.002911,0.002466,0.011215,0.007636,-0.003616,-0.013775,-0.011197,0.000000
1.000000,-0.013528,-0.001149,-0.001611,-0.003245,0.002370,0.011785,0.006440,-0.003280,-0.015675,-0.012643,0.000000
1.000000,0.000524,-0.002911,-0.004854,-0.003341,-0.000052,0.012284,0.005942,-0.002764,-0.016147,-0.015336,0.000000
1.000000,0.025841,0.008335,-0.001519,-0.001508,-0.000355,0.012488,0.006036,-0.002833,-0.016011,-0.015241,0.000000
1.000000,-0.020099,0.003572,-0.003277,-0.001613,-0.002409,0.011564,0.006425,-0.004230,-0.017070,-0.014533,0.000000
1.000000,-0.019449,-0.005342,-0.001997,-0.002988,-0.002158,0.010841,0.007363,-0.005619,-0.018266,-0.012150,0.000000
1.000000,0.005822,-0.001472,-0.001311,-0.002746,-0.002621,0.010083,0.005793,-0.005700,-0.020379,-0.013474,0.000000
1.000000,0.011021,0.000627,-0.001142,-0.001237,-0.002673,0.010383,0.006504,-0.006827,-0.018961,-0.009435,0.000000
1.000000,-0.008386,-0.006218,0.001058,-0.002314,-0.002792,0.009702,0.006932,-0.006140,-0.019324,-0.011192,0.000000
1.000000,0.012033,0.000208,0.001890,-0.000800,-0.002856,0.010041,0.006335,-0.004157,-0.017699,-0.015067,0.000000
1.000000,0.001559,0.004410,-0.000466,-0.000875,-0.002096,0.008492,0.007419,-0.004895,-0.018505,-0.012668,0.000000
1.000000,-0.019398,-0.000634,-0.001053,-0.001332,-0.002514,0.008685,0.007063,-0.003219,-0.018194,-0.011922,0.000000
1.000000,0.017839,0.000729,0.000678,-0.002088,-0.002001,0.008249,0.007229,-0.002270,-0.018385,-0.013020,0.000000
1.000000,-0.010981,0.000210,-0.003004,-0.002261,-0.002006,0.008272,0.006504,-0.001984,-0.018397,-0.014560,0.000000
1.000000,-0.003160,-0.002828,-0.001310,-0.002294,-0.001512,0.008454,0.006121,-0.001746,-0.018133,-0.015349,0.000000
1.000000,0.024487,0.001758,0.003084,0.000543,-0.000964,0.007596,0.005539,0.000853,-0.019766,-0.017946,0.000000
1.000000,0.005645,0.006766,0.003066,0.000878,-0.000809,0.007587,0.005586,0.001652,-0.019072,-0.019266,0.000000
1.000000,-0.020161,-0.000834,-0.000052,-0.000597,-0.000842,0.008212,0.006320,0.000565,-0.017798,-0.017360,0.000000
1.000000,-0.008917,-0.000421,-0.000105,0.000476,-0.001578,0.008820,0.006002,0.001019,-0.017941,-0.017102,0.000000
1.000000,0.032144,0.006640,0.001906,0.001898,0.000102,0.009136,0.006513,0.001793,-0.017829,-0.020290,0.000000
1.000000,-0.006655,0.000411,0.001084,0.000309,-0.000222,0.009107,0.006963,0.001563,-0.017599,-0.019820,0.000000
1.000000,0.007675,0.000817,0.003792,0.001369,0.000376,0.008208,0.006524,0.001726,-0.018116,-0.016396,0.000000
1.000000,0.008627,0.006575,0.002871,0.001774,-0.000435,0.007489,0.007188,0.002865,-0.017532,-0.017057,0.000000
1.000000,-0.021451,0.004068,0.001823,-0.000590,-0.000900,0.007774,0.007132,0.003103,-0.017905,-0.018002,0.000000
1.000000,-0.012468,-0.004854,0.000893,-0.000209,-0.001232,0.007530,0.007583,0.005668,-0.014471,-0.016203,0.000000
1.000000,0.004173,-0.002689,-0.001139,0.000972,-0.000017,0.008395,0.007163,0.008555,-0.011332,-0.018959,0.000000
1.000000,0.016009,-0.001022,-0.000102,0.001482,0.000551,0.007146,0.007422,0.007697,-0.012824,-0.017072,0.000000
1.000000,0.024793,0.002211,0.004393,0.002170,0.001066,0.007373,0.008688,0.007181,-0.011306,-0.017111,0.000000
1.000000,0.003492,0.007200,0.005634,0.002764,0.002196,0.007309,0.008476,0.005772,-0.012873,-0.013464,0.000000
1.000000,0.008430,0.011379,0.003263,0.002584,0.002353,0.007000,0.008440,0.008141,-0.011430,-0.017425,0.000000
1.000000,0.020045,0.014554,0.005932,0.003508,0.002184,0.007010,0.008481,0.007418,-0.012719,-0.013626,0.000000
1.000000,0.012028,0.013758,0.006368,0.005080,0.003035,0.007025,0.008493,0.006983,-0.013434,-0.012536,0.000000
1.000000,0.034778,0.015755,0.008983,0.005927,0.004177,0.009265,0.006672,0.019143,0.001077,-0.028060,0.000000
1.000000,0.002768,0.015610,0.011405,0.006614,0.003408,0.008847,0.010511,0.020087,0.001121,-0.024838,0.000000
1.000000,0.011450,0.016214,0.013796,0.007345,0.004460,0.009485,0.012134,0.019454,-0.001923,-0.016205,0.000000
1.000000,-0.160164,-0.019828,-0.002637,-0.001888,-0.000231,0.008651,0.003930,0.033279,-0.015995,-0.046424,0.000000
1.000000,0.022722,-0.017689,-0.001966,-0.001034,0.000333,0.008809,0.004310,0.031826,-0.015980,-0.046079,0.000000
1.000000,-0.009449,-0.026535,-0.005390,-0.000499,-0.000350,0.009181,0.004340,0.032376,-0.015744,-0.047052,0.000000
1.000000,0.006833,-0.025722,-0.005056,0.000289,0.000158,0.009729,0.004753,0.032898,-0.013431,-0.045420,0.000000
1.000000,-0.002623,-0.028536,-0.006161,-0.001449,-0.000331,0.010352,0.003528,0.032887,-0.012879,-0.044658,0.000000
1.000000,-0.072413,-0.010986,-0.015407,-0.004737,-0.002797,0.009005,0.007576,0.019617,-0.025407,-0.027777,0.000000
1.000000,-0.046224,-0.024775,-0.021232,-0.007432,-0.003691,0.009138,0.008026,0.022445,-0.025530,-0.032110,0.000000
1.000000,0.046789,-0.013528,-0.020031,-0.005524,-0.002726,0.010865,0.004040,0.022405,-0.024125,-0.025518,0.000000
1.000000,0.031661,-0.008562,-0.017142,-0.002869,-0.001305,0.011237,0.006696,0.023203,-0.021648,-0.025623,0.000000
1.000000,0.011416,-0.005754,-0.017145,-0.001674,-0.000819,0.010958,0.007707,0.022052,-0.020549,-0.025405,0.000000
1.000000,0.012356,0.011199,0.000107,-0.001265,-0.001223,0.011591,0.006469,0.023188,-0.019310,-0.025313,0.000000
1.000000,-0.063934,0.007658,-0.008559,-0.005262,-0.003542,0.013881,0.006357,0.025285,-0.014638,-0.032265,0.000000
1.000000,0.020840,0.002468,-0.005530,-0.005460,-0.002176,0.013289,0.005526,0.023442,-0.014137,-0.032007,0.000000
1.000000,0.014389,-0.000987,-0.004774,-0.004915,-0.001399,0.013582,0.005563,0.022174,-0.014111,-0.030134,0.000000
1.000000,-0.016062,-0.006482,-0.006118,-0.006140,-0.003006,0.013756,0.006688,0.020455,-0.014724,-0.025234,0.000000
1.000000,0.014963,-0.005961,0.002619,-0.006394,-0.002285,0.013536,0.008153,0.020221,-0.015761,-0.022444,0.000000
1.000000,-0.029020,0.001022,0.004340,-0.008446,-0.003508,0.013201,0.010841,0.018778,-0.014764,-0.020397,0.000000
1.000000,-0.014257,-0.005998,-0.001765,-0.010898,-0.004271,0.012953,0.010524,0.019172,-0.014519,-0.020679,0.000000
1.000000,-0.002876,-0.009451,-0.005219,-0.011180,-0.003652,0.013093,0.010102,0.020544,-0.012841,-0.022085,0.000000
1.000000,-0.042960,-0.014830,-0.010656,-0.013901,-0.004668,0.013917,0.010951,0.018535,-0.012212,-0.018888,0.000000
1.000000,0.005995,-0.016624,-0.011292,-0.005593,-0.004608,0.014840,0.013160,0.020097,-0.013291,-0.016497,0.000000
1.000000,0.035236,-0.003773,-0.001375,-0.004967,-0.003967,0.014868,0.013506,0.020483,-0.013336,-0.017092,0.000000
1.000000,0.004031,-0.000115,-0.003056,-0.004293,-0.004659,0.014781,0.013641,0.020283,-0.013605,-0.016946,0.000000
1.000000,-0.046465,-0.008833,-0.009142,-0.006958,-0.006324,0.015299,0.011123,0.021219,-0.010700,-0.025057,0.000000
1.000000,0.056757,0.011111,-0.001860,-0.003989,-0.004713,0.012801,0.012739,0.019454,-0.017604,-0.029728,0.000000
1.000000,0.032459,0.016404,-0.000110,0.001255,-0.004299,0.012621,0.014818,0.021136,-0.015613,-0.030399,0.000000
1.000000,-0.022836,0.004789,0.000508,0.002424,-0.005461,0.012772,0.015426,0.024572,-0.015865,-0.031164,0.000000
1.000000,-0.012472,0.001489,0.000687,-0.000539,-0.007036,0.012515,0.014399,0.024364,-0.016647,-0.031857,0.000000
1.000000,-0.000571,0.010668,0.000917,-0.002151,-0.007148,0.012001,0.013938,0.024325,-0.016732,-0.032605,0.000000
1.000000,-0.006873,-0.002058,0.004526,-0.003065,-0.007758,0.013802,0.015234,0.024751,-0.014608,-0.029181,0.000000
1.000000,0.019915,-0.004567,0.005918,-0.002687,-0.001756,0.013177,0.015360,0.023522,-0.014038,-0.032238,0.000000
1.000000,0.022836,0.004567,0.004678,0.001651,-0.001752,0.014973,0.017238,0.023564,-0.015073,-0.022570,0.000000
1.000000,0.013129,0.009687,0.005588,0.001266,-0.000999,0.014637,0.014992,0.023197,-0.016341,-0.025050,0.000000
1.000000,0.005420,0.010886,0.010777,0.000817,-0.001046,0.014453,0.013904,0.023515,-0.017478,-0.024899,0.000000
1.000000,-0.020203,0.008220,0.003081,0.000610,-0.001632,0.014016,0.013832,0.023758,-0.016891,-0.026037,0.000000
1.000000,0.003304,0.004897,0.000165,0.000027,0.000891,0.014630,0.012847,0.022812,-0.015696,-0.026525,0.000000
1.000000,0.003293,0.000989,0.002778,0.001643,0.002542,0.014414,0.012346,0.021396,-0.016167,-0.027036,0.000000
1.000000,0.002736,-0.001090,0.004299,0.002493,0.001074,0.014792,0.010805,0.019957,-0.016493,-0.026198,0.000000
1.000000,0.009788,-0.000216,0.005335,0.003126,0.000344,0.014391,0.010641,0.019496,-0.019085,-0.024561,0.000000
1.000000,0.012903,0.006405,0.007312,0.005919,0.000394,0.014229,0.011216,0.019554,-0.019627,-0.023781,0.000000
1.000000,-0.010201,0.003704,0.004301,0.005109,-0.000358,0.014805,0.010884,0.018280,-0.017478,-0.024430,0.000000
1.000000,0.038639,0.010773,0.005881,0.005280,0.003061,0.014577,0.012536,0.020299,-0.018148,-0.023646,0.000000
1.000000,0.042192,0.018664,0.008787,0.007188,0.003773,0.014262,0.013200,0.021070,-0.018786,-0.025212,0.000000
1.000000,0.026039,0.021914,0.010849,0.010813,0.004161,0.014057,0.014510,0.021326,-0.020039,-0.021915,0.000000
1.000000,-0.025542,0.014225,0.010315,0.006698,0.003845,0.013338,0.015461,0.023027,-0.021279,-0.020971,0.000000
1.000000,-0.016554,0.012955,0.008329,0.004247,0.002795,0.013419,0.014761,0.022380,-0.020995,-0.022712,0.000000
1.000000,0.032349,0.011697,0.011235,0.007006,0.004840,0.014692,0.013399,0.017516,-0.018720,-0.023348,0.000000
1.000000,-0.016791,-0.000100,0.009282,0.006791,0.004756,0.014352,0.014558,0.016678,-0.020773,-0.018623,0.000000
1.000000,-0.027773,-0.010862,0.005526,0.005430,0.003926,0.015983,0.014811,0.017492,-0.016045,-0.021207,0.000000
1.000000,-0.001025,-0.005959,0.004133,0.005723,0.005324,0.017530,0.011221,0.010982,-0.017377,-0.026510,0.000000
1.000000,-0.042404,-0.011128,0.000913,0.002607,0.003711,0.018508,0.011233,0.005222,-0.016305,-0.028151,0.000000
1.000000,-0.000535,-0.017705,-0.003004,0.001438,0.002518,0.022148,0.009801,0.006962,-0.014762,-0.031371,0.000000
1.000000,0.001604,-0.014026,-0.007063,0.000862,0.002437,0.022154,0.009588,0.006907,-0.014594,-0.031462,0.000000
1.000000,0.009040,-0.006664,-0.008763,0.001043,0.004288,0.022513,0.010251,0.008229,-0.012982,-0.031276,0.000000
1.000000,-0.002120,-0.006883,-0.006421,0.001947,0.002325,0.023661,0.011646,0.010129,-0.014084,-0.025652,0.000000
1.000000,0.004763,0.002551,-0.004289,0.002020,0.001402,0.020432,0.013037,0.007772,-0.023932,-0.011228,0.000000
1.000000,0.006840,0.004026,-0.006840,0.002198,0.002391,0.019614,0.014087,0.008561,-0.024719,-0.008532,0.000000
1.000000,0.008875,0.005480,-0.004273,0.002505,0.003103,0.019189,0.013596,0.005466,-0.025507,-0.004425,0.000000
1.000000,-0.017301,0.000212,-0.003226,0.001150,0.002545,0.019290,0.014082,0.006653,-0.026838,-0.002802,0.000000
1.000000,0.004748,0.001585,-0.002649,0.000742,0.002932,0.018192,0.014277,0.007340,-0.028179,-0.005310,0.000000
1.000000,0.023408,0.005314,0.003932,0.002423,0.003049,0.016092,0.022760,0.001428,-0.007838,0.005951,0.000000
1.000000,0.005128,0.004972,0.004499,0.000747,0.002458,0.015980,0.022535,0.001317,-0.008476,0.007093,0.000000
1.000000,-0.028536,-0.002510,0.001485,-0.002789,0.001070,0.016609,0.022485,0.002625,-0.008379,0.006980,0.000000
1.000000,-0.034265,-0.005903,-0.002846,-0.005804,-0.000253,0.015165,0.022177,0.003139,-0.009478,0.005109,0.000000
1.000000,0.010295,-0.004794,-0.001604,-0.004013,0.000763,0.015298,0.021442,0.004415,-0.005949,0.008140,0.000000
1.000000,0.018163,-0.005843,-0.000264,-0.002277,0.001259,0.015241,0.019874,0.012731,0.003797,-0.003620,0.000000
1.000000,-0.012250,-0.009319,-0.002173,-0.004507,0.000741,0.015025,0.019505,0.007771,0.005399,0.001403,0.000000
1.000000,0.008538,-0.001904,-0.002207,-0.003240,0.000934,0.013207,0.022736,0.008392,0.003489,-0.000768,0.000000
1.000000,0.023629,0.009675,0.001886,-0.000670,0.001395,0.012325,0.020344,0.006347,0.004323,-0.005327,0.000000
1.000000,-0.040779,-0.000540,-0.002667,-0.002658,-0.000394,0.011964,0.020240,0.007041,0.003167,-0.005362,0.000000
1.000000,0.000540,-0.004064,-0.004954,-0.000511,-0.000036,0.010730,0.022430,0.006008,0.000811,-0.004481,0.000000
1.000000,-0.036308,-0.008876,-0.009097,-0.002299,-0.002534,0.008461,0.024641,0.004831,-0.001689,0.001031,0.000000
1.000000,0.011142,-0.008355,-0.005129,-0.001822,-0.003569,0.009405,0.024931,0.007777,-0.000470,-0.000923,0.000000
1.000000,0.029478,-0.007185,0.001245,-0.000800,-0.003455,0.010171,0.021231,0.004275,-0.002401,-0.003861,0.000000
1.000000,-0.009730,-0.000975,-0.000758,-0.001181,-0.002928,0.010377,0.022581,0.001706,0.000982,-0.000267,0.000000
1.000000,0.009730,0.000863,-0.001601,-0.000933,-0.002051,0.010381,0.022681,0.001718,0.001241,0.000063,0.000000
1.000000,-0.002154,0.007693,-0.000591,-0.001382,-0.003202,0.010793,0.020607,0.003438,0.000195,-0.002408,0.000000
1.000000,-0.011385,0.003188,-0.002584,-0.002395,-0.003021,0.010734,0.018595,-0.001693,-0.000231,0.003235,0.000000
1.000000,0.008686,-0.000971,-0.004078,-0.001096,-0.001806,0.011032,0.018559,-0.002195,-0.000125,0.004050,0.000000
1.000000,0.000540,0.001083,0.000054,-0.001306,-0.001754,0.011167,0.016085,0.000754,0.001011,0.000350,0.000000
1.000000,-0.000540,-0.000971,-0.000054,-0.002504,-0.000358,0.011093,0.015470,-0.001451,0.001539,0.001507,0.000000
1.000000,0.003238,0.000108,0.003901,-0.002598,-0.000233,0.010726,0.013993,-0.002970,0.000879,0.002905,0.000000
1.000000,-0.004320,0.001521,0.002354,-0.001387,-0.000430,0.010787,0.013539,-0.003315,0.000551,0.002987,0.000000
1.000000,0.028802,0.005544,0.002287,0.001766,0.000229,0.010865,0.017020,-0.000512,0.001152,0.008389,0.000000
1.000000,-0.019109,0.001614,0.001349,0.000296,-0.000338,0.011750,0.014665,0.003685,0.003340,0.007283,0.000000
1.000000,-0.002683,0.001186,0.000108,-0.000747,-0.000586,0.011604,0.012072,0.003476,0.001511,0.004663,0.000000
1.000000,0.021266,0.004791,0.002450,0.000929,-0.000105,0.011656,0.012656,0.004123,0.002128,0.003386,0.000000
1.000000,-0.008452,0.003965,0.002743,0.000080,-0.000683,0.011482,0.013058,0.002707,0.001170,0.004947,0.000000
1.000000,-0.016043,-0.005004,0.000270,-0.001904,-0.000641,0.011762,0.012595,0.002457,0.000882,0.004566,0.000000
1.000000,-0.001619,-0.001506,0.000054,0.000054,-0.000853,0.010834,0.009250,0.001837,0.000978,0.001743,0.000000
1.000000,0.012343,0.001499,0.001342,0.000644,-0.001222,0.011077,0.007754,0.004358,-0.002787,0.002908,0.000000
1.000000,0.013245,-0.000105,0.002343,0.003122,-0.000951,0.010661,0.008307,0.006471,-0.001849,-0.000232,0.000000
1.000000,-0.004219,0.000741,0.002353,0.002354,-0.000141,0.010405,0.008906,0.006437,-0.001959,-0.001022,0.000000
1.000000,0.016772,0.007304,0.001150,0.001718,0.001561,0.010402,0.009557,0.006620,-0.001165,-0.001560,0.000000
1.000000,-0.015188,0.004591,0.001542,0.001445,0.000711,0.010311,0.009651,0.006678,-0.000796,-0.001689,0.000000
1.000000,-0.017031,-0.001284,0.000107,0.000107,-0.000462,0.010537,0.009500,0.005478,-0.001641,0.002542,0.000000
1.000000,0.002145,-0.003504,-0.001805,0.000322,0.000018,0.009946,0.010045,0.006245,-0.001205,0.001962,0.000000
1.000000,0.000535,-0.002553,-0.000906,0.000918,-0.000249,0.010145,0.010296,0.006106,-0.000610,0.002199,0.000000
1.000000,0.001070,-0.005694,0.000805,0.000538,-0.001001,0.010186,0.010263,0.006152,-0.000607,0.002278,0.000000
1.000000,0.004801,-0.001696,0.001447,0.000751,0.000518,0.010019,0.010088,0.006502,-0.000554,0.001876,0.000000
1.000000,-0.012316,-0.000753,-0.001019,0.000162,0.000090,0.010321,0.009789,0.005382,0.000065,0.002815,0.000000
1.000000,-0.002698,-0.001721,-0.002613,-0.000135,0.001210,0.010413,0.006410,0.002762,-0.001146,0.005090,0.000000
1.000000,0.009142,0.000000,-0.001277,0.000538,0.001144,0.010286,0.005206,0.002486,-0.000409,0.006984,0.000000
1.000000,-0.009142,-0.002042,-0.003868,-0.001359,-0.000144,0.009955,0.004807,0.003024,-0.000352,0.004143,0.000000
1.000000,0.003775,-0.002248,-0.001972,-0.000215,0.000306,0.011000,0.002950,-0.000156,0.001120,0.007274,0.000000
1.000000,-0.007564,-0.001297,-0.001025,-0.000459,-0.000270,0.011121,0.003103,-0.000592,0.001313,0.009476,0.000000
1.000000,0.004869,0.000216,-0.000753,-0.001279,-0.000036,0.010831,0.002804,0.001630,0.000544,0.006176,0.000000
1.000000,-0.001620,-0.001937,-0.000968,-0.000937,0.000290,0.010825,0.001958,0.002433,0.000339,0.002793,0.000000
1.000000,0.001620,0.000216,-0.000913,-0.000054,0.000054,0.010118,0.000636,0.002806,-0.001820,0.002321,0.000000
1.000000,0.013401,0.002141,-0.000053,0.000697,0.000483,0.010186,0.000991,0.002727,-0.001614,0.002205,0.000000
1.000000,0.037622,0.011178,0.004941,0.001961,0.001755,0.010073,-0.001682,0.003710,-0.006166,0.003474,0.000000
1.000000,-0.017068,0.006791,0.003504,0.000445,0.001078,0.009955,-0.001185,0.002899,-0.006653,0.003149,0.000000
1.000000,-0.058540,-0.004593,-0.003265,-0.002271,-0.000729,0.010817,0.000262,0.002092,-0.007599,0.002698,0.000000
1.000000,-0.007773,-0.006472,-0.003128,-0.003498,-0.001949,0.010701,0.000539,0.001840,-0.006854,0.003537,0.000000
1.000000,-0.000558,-0.009263,-0.003561,-0.002766,-0.001330,0.010639,0.000440,0.001563,-0.007120,0.003687,0.000000
1.000000,0.031836,-0.010421,0.000379,-0.000323,-0.000180,0.012048,-0.001628,0.002061,-0.004119,-0.005262,0.000000
1.000000,-0.026274,-0.012262,-0.002735,-0.001744,-0.001764,0.012043,-0.001511,0.002016,-0.003383,-0.005362,0.000000
1.000000,-0.025844,-0.005723,-0.005158,-0.003063,-0.002344,0.012261,-0.001485,0.001486,-0.004063,-0.003638,0.000000
1.000000,-0.030043,-0.010177,-0.008324,-0.004619,-0.002811,0.010786,0.000744,-0.001988,-0.008072,0.005408,0.000000
1.000000,-0.010021,-0.012069,-0.010666,-0.005360,-0.003091,0.010718,0.001533,-0.002581,-0.007463,0.006941,0.000000
1.000000,0.011779,-0.016081,-0.013251,-0.004155,-0.003110,0.011024,0.000681,-0.004543,-0.008029,0.011543,0.000000
1.000000,0.009324,-0.008961,-0.010611,-0.003554,-0.003240,0.011081,0.000665,-0.005136,-0.008519,0.013391,0.000000
1.000000,0.004630,-0.002866,-0.004294,-0.003780,-0.002945,0.010618,0.001026,-0.007050,-0.007666,0.013943,0.000000
1.000000,0.013762,0.005895,-0.002141,-0.002634,-0.003046,0.010013,0.001104,-0.006900,-0.008188,0.013282,0.000000
1.000000,-0.031234,0.001652,-0.005209,-0.004385,-0.003580,0.009994,0.002446,-0.008156,-0.007242,0.012274,0.000000
1.000000,-0.035280,-0.007760,-0.011920,-0.005771,-0.004189,0.009786,0.004094,-0.007390,-0.008113,0.015159,0.000000
1.000000,-0.019048,-0.013434,-0.011198,-0.006967,-0.004895,0.009839,0.004175,-0.007141,-0.008034,0.014462,0.000000
1.000000,-0.002484,-0.014857,-0.008862,-0.007010,-0.004996,0.010069,0.003731,-0.007717,-0.007395,0.013775,0.000000
1.000000,-0.032873,-0.024184,-0.009145,-0.008734,-0.006127,0.011216,0.007249,-0.006154,-0.002878,0.017691,0.000000
1.000000,0.030382,-0.011861,-0.005104,-0.007885,-0.005275,0.011308,0.008030,-0.006740,-0.002547,0.019377,0.000000
1.000000,-0.013811,-0.007567,-0.007663,-0.010457,-0.005324,0.011937,0.008337,-0.007388,-0.002226,0.022244,0.000000
1.000000,-0.000632,-0.003884,-0.008659,-0.009635,-0.005256,0.011976,0.006687,-0.008711,-0.004445,0.025967,0.000000
1.000000,-0.003802,-0.004147,-0.009502,-0.006898,-0.005687,0.011558,0.006962,-0.009165,-0.004553,0.026248,0.000000
1.000000,0.003170,0.003061,-0.010561,-0.006351,-0.005277,0.009965,0.010544,-0.007650,0.000116,0.024655,0.000000
1.000000,-0.015949,-0.006205,-0.009033,-0.007121,-0.005934,0.009189,0.011112,-0.008544,0.000837,0.022262,0.000000
1.000000,-0.014249,-0.006293,-0.006930,-0.009425,-0.006157,0.008930,0.011300,-0.008483,0.000914,0.021846,0.000000
1.000000,0.010383,-0.004090,-0.003987,-0.007592,-0.005973,0.008899,0.011579,-0.008594,0.001073,0.022003,0.000000
1.000000,0.061346,0.008940,0.002396,-0.003233,-0.003874,0.009165,0.016487,-0.005069,0.003770,0.015822,0.000000
1.000000,-0.037740,0.000758,0.001910,-0.003617,-0.005186,0.008704,0.018435,-0.004555,0.005023,0.015245,0.000000
1.000000,-0.052422,-0.006537,-0.006371,-0.005738,-0.007380,0.008687,0.021921,-0.002225,0.006484,0.015033,0.000000
1.000000,-0.018780,-0.007443,-0.006868,-0.007266,-0.009261,0.009969,0.021158,-0.000882,0.006167,0.015161,0.000000
1.000000,0.038517,-0.001816,-0.002953,-0.005806,-0.007408,0.010416,0.022130,-0.001432,0.009070,0.012371,0.000000
1.000000,0.007787,-0.012528,-0.001794,-0.005648,-0.005197,0.010247,0.022255,-0.001332,0.009376,0.011690,0.000000
1.000000,0.016031,-0.001773,-0.000508,-0.005534,-0.004403,0.008098,0.020294,0.000667,0.008894,0.001786,0.000000
1.000000,-0.025122,0.003687,-0.001425,-0.005229,-0.005222,0.007085,0.020500,-0.003723,0.006188,0.010415,0.000000
1.000000,0.005205,0.008484,0.000520,-0.003205,-0.006110,0.006947,0.021439,-0.003925,0.006673,0.011184,0.000000
1.000000,0.001945,0.001169,-0.000323,-0.002155,-0.005169,0.006679,0.021241,-0.003103,0.007677,0.009081,0.000000
1.000000,0.026208,0.004853,-0.003837,-0.000720,-0.003434,0.006412,0.021606,-0.003417,0.006582,0.009278,0.000000
1.000000,0.044424,0.010532,0.004379,0.003145,-0.000952,0.005759,0.021561,-0.004088,0.004934,0.012301,0.000000
1.000000,-0.006661,0.014224,0.008956,0.001292,-0.000840,0.007283,0.023214,-0.003791,0.005219,0.014583,0.000000
1.000000,-0.005483,0.012087,0.010285,0.001709,-0.001415,0.008116,0.024034,-0.004713,0.008843,0.015523,0.000000
1.000000,-0.046898,0.002318,0.001744,-0.000605,-0.003289,0.007147,0.025103,-0.005972,0.009294,0.014315,0.000000
1.000000,-0.012887,-0.005501,-0.000324,-0.001059,-0.003873,0.007282,0.025275,-0.006227,0.009096,0.015954,0.000000
1.000000,-0.029617,-0.020309,-0.004889,-0.002698,-0.005319,0.008004,0.024645,-0.008586,0.009059,0.022155,0.000000
1.000000,0.050157,-0.008946,0.002639,0.000607,-0.002606,0.008106,0.026267,-0.008052,0.010076,0.021974,0.000000
1.000000,0.008225,-0.006204,0.002941,0.001731,-0.001156,0.007573,0.026688,-0.006070,0.011389,0.015718,0.000000
1.000000,-0.005687,0.002038,0.002178,0.000927,-0.000711,0.009396,0.024872,-0.004587,0.013799,0.012294,0.000000
1.000000,-0.012114,0.002193,-0.001654,-0.002746,-0.001032,0.008966,0.026192,-0.004327,0.015034,0.011608,0.000000
1.000000,-0.008374,0.006442,-0.006934,-0.001277,-0.000215,0.008652,0.026199,-0.004345,0.014765,0.011176,0.000000
1.000000,0.005161,-0.002558,-0.005752,0.001602,-0.001056,0.007807,0.026852,-0.003849,0.013883,0.009643,0.000000
1.000000,0.005775,-0.003048,-0.004626,0.002830,-0.000403,0.008165,0.026780,-0.004570,0.014470,0.010373,0.000000
1.000000,0.003194,-0.001271,0.000383,0.001064,-0.000275,0.007977,0.026842,-0.005077,0.014916,0.010273,0.000000
1.000000,0.003819,0.001915,0.002054,0.000865,-0.000021,0.007965,0.026129,-0.006600,0.014263,0.010732,0.000000
1.000000,0.018880,0.007366,0.006904,0.001008,0.000503,0.008713,0.025410,-0.007070,0.014482,0.008963,0.000000
1.000000,-0.027815,0.000771,-0.000893,0.000873,0.000107,0.008383,0.025424,-0.007472,0.013219,0.010397,0.000000
1.000000,-0.019418,-0.004268,-0.003658,-0.000358,-0.000065,0.008051,0.026030,-0.004688,0.013523,0.003321,0.000000
1.000000,-0.016475,-0.008202,-0.004737,-0.001279,-0.000961,0.008256,0.026264,-0.003929,0.013827,0.002830,0.000000
1.000000,-0.010017,-0.010969,-0.004527,-0.003090,-0.003339,0.007844,0.025946,-0.004971,0.012950,0.003927,0.000000
1.000000,0.025184,-0.009708,-0.001171,-0.004052,-0.001242,0.009049,0.028161,-0.003925,0.014333,0.005404,0.000000
1.000000,0.012358,-0.001674,-0.000451,-0.003102,0.000917,0.008968,0.028649,-0.003425,0.015184,0.003541,0.000000
1.000000,-0.026860,-0.003162,-0.003715,-0.004170,0.000648,0.008226,0.025947,-0.004485,0.010938,0.005118,0.000000
1.000000,0.005298,0.001192,-0.003505,-0.001561,-0.000459,0.007864,0.026132,-0.004189,0.010617,0.003627,0.000000
1.000000,0.011166,0.005429,-0.002770,-0.000358,-0.000347,0.006739,0.025780,-0.003143,0.010521,0.004401,0.000000
1.000000,0.021965,0.004785,-0.002461,0.002221,-0.000149,0.008462,0.023897,-0.008300,0.007979,0.016558,0.000000
1.000000,0.011436,0.004601,0.001464,0.000285,0.001070,0.008685,0.024063,-0.008441,0.008325,0.016779,0.000000
1.000000,-0.033401,0.003293,0.000065,-0.001796,-0.000217,0.007764,0.025563,-0.005751,0.009278,0.016772,0.000000
1.000000,0.000000,0.002233,0.001713,-0.001512,-0.000282,0.006460,0.026809,-0.004545,0.010682,0.018552,0.000000
1.000000,0.005861,0.001172,0.003301,-0.000613,-0.000960,0.006073,0.026353,-0.004543,0.010677,0.017580,0.000000
1.000000,-0.005208,-0.004262,0.000261,-0.000455,-0.002614,0.007140,0.025306,-0.002881,0.012310,0.013193,0.000000
1.000000,-0.024448,-0.011439,-0.003419,-0.001935,-0.003207,0.007305,0.025928,-0.001445,0.013815,0.011313,0.000000
1.000000,-0.029873,-0.010734,-0.003720,-0.003718,-0.004020,0.005528,0.026638,-0.001104,0.012840,0.012347,0.000000
1.000000,-0.011088,-0.012951,-0.005359,-0.004432,-0.002827,0.005520,0.026439,0.000037,0.012859,0.011660,0.000000
1.000000,-0.008398,-0.015803,-0.007315,-0.005043,-0.002677,0.005707,0.026313,0.000096,0.012876,0.011845,0.000000
1.000000,-0.015581,-0.017878,-0.011070,-0.006766,-0.002209,0.006219,0.026065,0.000446,0.013350,0.010930,0.000000
1.000000,0.008529,-0.011282,-0.011361,-0.004949,-0.003597,0.005853,0.026282,0.003898,0.013763,0.008173,0.000000
1.000000,-0.040439,-0.013395,-0.012064,-0.006000,-0.005219,0.007370,0.026098,0.002253,0.016415,0.010030,0.000000
1.000000,0.016807,-0.007816,-0.010384,-0.004335,-0.004469,0.007288,0.026431,0.001392,0.017075,0.013386,0.000000
1.000000,-0.008734,-0.007883,-0.011843,-0.004271,-0.004356,0.007631,0.026473,0.002414,0.019118,0.010480,0.000000
1.000000,-0.009548,-0.006677,-0.012277,-0.006008,-0.004396,0.008049,0.025165,0.002315,0.016341,0.010373,0.000000
1.000000,-0.048384,-0.018060,-0.014671,-0.009045,-0.006181,0.009155,0.024735,0.002694,0.017623,0.006535,0.000000
1.000000,-0.010904,-0.012153,-0.012774,-0.008247,-0.006736,0.009225,0.024825,0.002901,0.018110,0.006272,0.000000
1.000000,0.002347,-0.015045,-0.011430,-0.008395,-0.006765,0.009217,0.025746,0.004010,0.019529,0.006435,0.000000
1.000000,-0.010208,-0.015340,-0.011612,-0.009463,-0.007232,0.009071,0.026217,0.004645,0.019213,0.007577,0.000000
1.000000,-0.015110,-0.016452,-0.011564,-0.011317,-0.008365,0.009658,0.025562,0.004592,0.016683,0.008447,0.000000
1.000000,-0.012903,-0.009356,-0.013708,-0.012534,-0.007868,0.010547,0.025310,0.005879,0.015441,0.011914,0.000000
1.000000,0.011300,-0.004915,-0.008534,-0.010299,-0.006844,0.010523,0.025659,0.006551,0.017371,0.005397,0.000000
1.000000,-0.010488,-0.007482,-0.011263,-0.010824,-0.006645,0.011537,0.024696,0.006789,0.017687,0.004725,0.000000
1.000000,0.005661,-0.004308,-0.009824,-0.010834,-0.006122,0.010495,0.022144,0.005187,0.017371,0.005357,0.000000
1.000000,-0.023665,-0.006019,-0.011235,-0.011756,-0.007750,0.011222,0.020782,0.005627,0.015979,0.006083,0.000000
1.000000,0.016380,-0.000162,-0.004759,-0.009715,-0.007616,0.011004,0.018143,0.002266,0.016276,0.005005,0.000000
1.000000,0.038252,0.005228,0.000156,-0.006309,-0.005446,0.009657,0.020548,0.001970,0.020134,-0.001319,0.000000
1.000000,-0.016555,0.004015,-0.001734,-0.006582,-0.006174,0.009599,0.019759,0.004096,0.015462,0.001808,0.000000
1.000000,-0.014412,0.000000,-0.002154,-0.006883,-0.007027,0.009373,0.020395,0.004475,0.016342,0.001514,0.000000
1.000000,-0.007285,0.003276,-0.001372,-0.006468,-0.008002,0.011766,0.022999,0.002968,0.015968,0.012330,0.000000
1.000000,-0.012260,-0.002452,-0.001307,-0.007507,-0.008792,0.013062,0.022231,0.004245,0.015943,0.011244,0.000000
1.000000,0.033161,-0.003470,0.000879,-0.003827,-0.006573,0.013730,0.022834,0.004023,0.016853,0.013152,0.000000
1.000000,0.001590,0.000159,0.002087,-0.004588,-0.006520,0.013906,0.023497,0.003828,0.017040,0.014176,0.000000
1.000000,-0.011182,0.000805,0.000402,-0.004711,-0.007088,0.013641,0.022953,0.002653,0.018811,0.015255,0.000000
1.000000,-0.004024,0.001457,0.002366,-0.004435,-0.007049,0.013285,0.022834,0.000790,0.019188,0.011549,0.000000
1.000000,0.012024,0.006314,0.001931,-0.001414,-0.005833,0.012937,0.023058,0.000075,0.019601,0.010832,0.000000
1.000000,-0.001595,-0.000637,-0.002054,-0.000949,-0.004890,0.012902,0.023159,0.000033,0.019278,0.010865,0.000000
1.000000,0.012689,0.001582,0.000871,-0.000432,-0.004098,0.013571,0.021964,0.001091,0.018231,0.012799,0.000000
1.000000,-0.006324,0.002554,0.001679,-0.000237,-0.004029,0.013511,0.021930,0.001329,0.018357,0.011900,0.000000
1.000000,-0.003177,0.002723,0.002090,0.000359,-0.003615,0.013461,0.022105,0.002485,0.018300,0.008574,0.000000
1.000000,0.011863,0.002691,0.004502,0.001598,-0.003504,0.013054,0.019124,0.002097,0.016156,0.007098,0.000000
1.000000,0.012500,0.005510,0.002436,0.001658,-0.001740,0.012955,0.019797,0.002675,0.016669,0.005738,0.000000
1.000000,-0.000777,0.002817,0.002200,0.002143,-0.002326,0.012991,0.021642,0.001925,0.014714,0.011814,0.000000
1.000000,0.008511,0.005784,0.004169,0.002286,-0.001751,0.012839,0.021520,0.001124,0.015322,0.012160,0.000000
1.000000,-0.008511,0.004717,0.003720,0.003043,-0.001716,0.012796,0.022052,0.001574,0.015414,0.012332,0.000000
1.000000,0.005424,0.003430,0.003060,0.002496,0.000077,0.013386,0.021875,0.000205,0.016421,0.012688,0.000000
1.000000,0.008465,0.002622,0.004066,0.001006,0.000723,0.012475,0.021421,-0.000826,0.017069,0.013467,0.000000
1.000000,0.000766,0.002931,0.002874,0.001872,0.000670,0.012472,0.021420,-0.000882,0.017070,0.013453,0.000000
1.000000,0.003058,0.001841,0.003812,0.002746,0.001113,0.012482,0.021293,-0.000950,0.016984,0.013506,0.000000
1.000000,-0.003824,0.002778,0.003748,0.002919,0.001489,0.011439,0.022178,-0.001158,0.014945,0.017515,0.000000
1.000000,0.000000,0.001693,0.002561,0.003532,0.001919,0.011852,0.021825,-0.001226,0.017005,0.017350,0.000000
1.000000,-0.003070,-0.000614,0.001004,0.001720,0.001440,0.012120,0.023302,-0.000504,0.017621,0.018679,0.000000
1.000000,-0.003079,-0.001383,0.000774,0.001487,0.001687,0.012053,0.023089,-0.000184,0.017556,0.017621,0.000000
1.000000,0.012261,0.000457,0.001149,0.002659,0.001907,0.012735,0.023675,0.000882,0.017609,0.017871,0.000000
1.000000,0.000761,0.001375,0.002076,0.002898,0.002721,0.012025,0.019623,-0.002942,0.017249,0.017997,0.000000
1.000000,-0.010712,-0.000768,0.000463,0.001761,0.001818,0.012053,0.019379,-0.003401,0.016580,0.019266,0.000000
1.000000,0.001537,0.000154,-0.000230,0.001918,0.000594,0.011368,0.021959,-0.002484,0.022580,0.011209,0.000000
1.000000,0.004598,0.001689,0.000153,0.001514,0.001299,0.011314,0.021795,-0.002782,0.022264,0.012818,0.000000
1.000000,-0.013082,-0.003379,-0.001461,0.001176,0.001344,0.012108,0.021820,-0.002895,0.022772,0.012687,0.000000
1.000000,-0.006216,-0.004775,-0.001700,0.001024,0.001379,0.011628,0.023637,0.000573,0.022698,0.009576,0.000000
1.000000,-0.031673,-0.008967,-0.004868,-0.001153,0.000732,0.012487,0.022774,0.001808,0.018787,0.014238,0.000000
1.000000,-0.042735,-0.017822,-0.008834,-0.003915,-0.001798,0.012811,0.023404,0.001572,0.022533,0.014516,0.000000
1.000000,-0.034162,-0.025574,-0.011942,-0.005584,-0.002990,0.013821,0.022946,0.000081,0.021750,0.017651,0.000000
1.000000,0.072866,-0.008384,-0.005882,-0.002366,-0.000188,0.013077,0.030012,0.003377,0.022634,0.013144,0.000000
1.000000,0.019201,-0.003301,-0.004038,-0.000981,0.000586,0.014399,0.029668,0.002068,0.022750,0.014770,0.000000
1.000000,-0.016780,-0.000322,-0.004645,-0.002091,-0.000374,0.014245,0.028961,0.001266,0.021306,0.015411,0.000000
1.000000,-0.036935,0.000838,-0.008492,-0.004361,-0.001552,0.015976,0.029167,0.001844,0.022060,0.014978,0.000000
1.000000,0.009983,0.009667,-0.007953,-0.003900,-0.001642,0.014726,0.028735,-0.000401,0.021375,0.014860,0.000000
1.000000,-0.047467,-0.014400,-0.011392,-0.006426,-0.003014,0.015407,0.029210,0.000986,0.021033,0.015293,0.000000
1.000000,-0.017514,-0.021742,-0.012522,-0.007111,-0.003491,0.015482,0.027532,-0.000327,0.017027,0.015251,0.000000
1.000000,0.000000,-0.018386,-0.009354,-0.007111,-0.003887,0.016137,0.026874,-0.001577,0.017751,0.014760,0.000000
1.000000,0.037282,-0.003543,-0.001353,-0.005093,-0.003061,0.015851,0.026635,-0.000035,0.015533,0.012304,0.000000
1.000000,-0.005975,-0.006735,0.001466,-0.005238,-0.003234,0.016699,0.025015,0.003782,0.015629,0.012219,0.000000
1.000000,0.025361,0.007831,-0.003284,-0.004583,-0.002672,0.016644,0.024508,0.001229,0.014330,0.015823,0.000000
1.000000,0.028797,0.017093,-0.002325,-0.003181,-0.001429,0.017229,0.019263,-0.005422,0.007048,0.027355,0.000000
1.000000,-0.012240,0.014645,-0.001871,-0.003258,-0.002018,0.015563,0.017113,-0.005271,0.000762,0.029916,0.000000
1.000000,0.011429,0.009474,0.002966,-0.002763,-0.001919,0.015069,0.017025,-0.005981,0.000045,0.030793,0.000000
1.000000,-0.022990,0.006071,-0.000332,-0.004142,-0.002711,0.015174,0.017373,-0.006610,0.000347,0.031183,0.000000
1.000000,0.103282,0.021656,0.014743,0.001676,0.000630,0.016860,0.018051,-0.013884,-0.006431,0.043836,0.000000
1.000000,0.007463,0.017389,0.017241,0.002360,0.001006,0.017608,0.018127,-0.014619,-0.006378,0.043553,0.000000
1.000000,0.000000,0.019837,0.017241,0.003943,0.001006,0.017523,0.017995,-0.015151,-0.006605,0.044763,0.000000
1.000000,0.064771,0.030505,0.019990,0.009319,0.003268,0.018137,0.019843,-0.014642,-0.005920,0.047399,0.000000
1.000000,0.030201,0.041143,0.023607,0.012537,0.004377,0.017942,0.021174,-0.014986,-0.005241,0.051784,0.000000
1.000000,0.063524,0.033192,0.027424,0.012070,0.006086,0.018050,0.021599,-0.020541,-0.009220,0.063788,0.000000
1.000000,0.031848,0.038069,0.027729,0.012702,0.007122,0.018060,0.021846,-0.020484,-0.008361,0.063476,0.000000
1.000000,0.013431,0.040755,0.030296,0.014213,0.007927,0.018810,0.022495,-0.022463,-0.005453,0.067178,0.000000
1.000000,-0.004254,0.026950,0.028728,0.015847,0.007734,0.018754,0.021966,-0.022612,-0.005874,0.069028,0.000000
1.000000,-0.011639,0.018582,0.029863,0.014766,0.007193,0.017360,0.020445,-0.022847,-0.008743,0.058283,0.000000
1.000000,0.016499,0.009177,0.021184,0.017964,0.008179,0.017368,0.019158,-0.022558,-0.012161,0.056055,0.000000
1.000000,-0.003035,0.002201,0.020135,0.018688,0.008285,0.017386,0.018582,-0.022862,-0.013761,0.056720,0.000000
1.000000,0.008475,0.001209,0.020982,0.019111,0.009623,0.017375,0.018539,-0.022823,-0.013799,0.056453,0.000000
1.000000,0.014957,0.005051,0.016001,0.017995,0.011546,0.017554,0.018795,-0.022759,-0.012148,0.054697,0.000000
1.000000,0.011807,0.009740,0.014161,0.018884,0.013078,0.017253,0.017683,-0.021445,-0.014524,0.052553,0.000000
1.000000,0.008764,0.008193,0.008685,0.018054,0.010942,0.017532,0.016862,-0.023464,-0.012459,0.054840,0.000000
1.000000,-0.012292,0.006342,0.004271,0.016000,0.009892,0.017584,0.016896,-0.022772,-0.012855,0.054896,0.000000
1.000000,0.004114,0.005470,0.003340,0.016818,0.010588,0.017511,0.016237,-0.022427,-0.013994,0.055154,0.000000
1.000000,0.008759,0.004230,0.004641,0.016684,0.012111,0.017467,0.016205,-0.020811,-0.013499,0.052759,0.000000
1.000000,-0.007587,0.000352,0.005046,0.017454,0.011526,0.017394,0.016073,-0.021063,-0.013740,0.052656,0.000000
1.000000,0.004676,-0.000466,0.003864,0.012524,0.013264,0.017156,0.014999,-0.021320,-0.014770,0.052536,0.000000
1.000000,-0.023600,-0.002728,0.001807,0.010971,0.013061,0.016977,0.016007,-0.021189,-0.012859,0.051897,0.000000
1.000000,0.007139,-0.002123,0.001674,0.011328,0.013299,0.016768,0.014787,-0.018579,-0.012989,0.048260,0.000000
1.000000,-0.005945,-0.005064,-0.000417,0.007792,0.011858,0.016761,0.014407,-0.018409,-0.013401,0.047564,0.000000
1.000000,0.000596,-0.003427,-0.001538,0.006312,0.012077,0.016774,0.014458,-0.018183,-0.013320,0.048921,0.000000
1.000000,-0.013198,-0.007002,-0.003734,0.002476,0.010792,0.016764,0.014444,-0.016056,-0.014902,0.046958,0.000000
1.000000,-0.032528,-0.008787,-0.005757,-0.000743,0.008748,0.017446,0.015176,-0.016372,-0.012340,0.045092,0.000000
1.000000,0.039748,-0.002265,-0.002194,0.000573,0.010481,0.017377,0.015052,-0.016246,-0.014421,0.045575,0.000000
1.000000,-0.006617,-0.002400,-0.003732,0.000455,0.009879,0.017486,0.014777,-0.017634,-0.014869,0.046352,0.000000
1.000000,-0.017656,-0.006050,-0.004739,0.000154,0.010057,0.017457,0.014589,-0.018472,-0.016313,0.047131,0.000000
1.000000,0.018863,0.000362,-0.003320,0.000272,0.007243,0.017585,0.014792,-0.018013,-0.014646,0.045637,0.000000
1.000000,0.003610,0.007590,-0.000599,0.000604,0.007114,0.016955,0.013974,-0.017469,-0.016454,0.044994,0.000000
1.000000,0.011347,0.001909,-0.000178,0.000748,0.007493,0.016985,0.013462,-0.018123,-0.016530,0.045438,0.000000
1.000000,-0.039363,-0.004640,-0.003520,-0.001968,0.004021,0.017645,0.013755,-0.017262,-0.015344,0.043994,0.000000
1.000000,0.006771,0.000246,-0.002902,-0.002220,0.003240,0.017429,0.013405,-0.017037,-0.016619,0.042961,0.000000
1.000000,-0.009245,-0.005376,-0.002507,-0.003120,0.000815,0.016892,0.013680,-0.017504,-0.016090,0.041905,0.000000
1.000000,-0.030172,-0.012132,-0.002271,-0.004014,-0.001252,0.016935,0.014426,-0.018770,-0.017423,0.044816,0.000000
1.000000,-0.007045,-0.015811,-0.006951,-0.004572,-0.001935,0.017266,0.013934,-0.019139,-0.018026,0.042912,0.000000
1.000000,0.041542,0.000370,-0.002135,-0.002933,-0.000409,0.017898,0.015155,-0.021286,-0.016425,0.049036,0.000000
1.000000,0.020141,0.003044,0.001645,-0.001547,0.000651,0.017802,0.015866,-0.022300,-0.014836,0.049606,0.000000
1.000000,-0.061683,-0.007443,-0.006410,-0.004865,-0.001955,0.018935,0.018753,-0.025856,-0.005888,0.054315,0.000000
1.000000,0.031005,0.004792,-0.003670,-0.002134,-0.000821,0.019217,0.019197,-0.026231,-0.004730,0.055468,0.000000
1.000000,0.024617,0.011124,-0.002343,-0.001261,-0.000282,0.019792,0.020264,-0.023738,0.000476,0.053149,0.000000
1.000000,0.005456,0.003907,0.002139,-0.000690,-0.000599,0.019525,0.019400,-0.022922,-0.000298,0.051274,0.000000
1.000000,0.006629,0.001205,0.002125,-0.000389,-0.000772,0.019710,0.019495,-0.023487,-0.000412,0.052893,0.000000
1.000000,-0.006629,0.012216,0.002386,-0.000060,-0.001285,0.020184,0.018242,-0.024870,-0.000183,0.059754,0.000000
1.000000,0.001208,0.006256,0.005524,0.001626,-0.000835,0.020181,0.018244,-0.024865,-0.000183,0.059754,0.000000
1.000000,0.001810,0.001695,0.006410,-0.000271,-0.000912,0.019791,0.018402,-0.025357,-0.000860,0.059438,0.000000
1.000000,0.000000,0.000604,0.002256,0.000060,-0.001204,0.019611,0.018012,-0.025220,-0.001713,0.059334,0.000000
1.000000,-0.012739,-0.003270,-0.001033,0.000306,-0.001375,0.020182,0.018160,-0.025850,-0.000876,0.059695,0.000000
1.000000,-0.041764,-0.010297,0.000959,-0.002725,-0.002923,0.020579,0.018617,-0.025857,-0.001770,0.061122,0.000000
1.000000,0.094094,0.008280,0.007268,0.001799,0.001000,0.023079,0.020333,-0.031192,0.003415,0.066829,0.000000
1.000000,0.039198,0.015758,0.008726,0.003192,0.002068,0.023891,0.019614,-0.032171,0.004313,0.066741,0.000000
1.000000,0.053686,0.026495,0.013549,0.007844,0.004056,0.021500,0.017506,-0.032274,0.000107,0.060226,0.000000
1.000000,-0.016503,0.025742,0.011236,0.006680,0.003486,0.020776,0.018055,-0.032841,-0.002554,0.053178,0.000000
1.000000,0.009084,0.035912,0.012808,0.007597,0.004229,0.020782,0.018279,-0.032583,-0.001608,0.052710,0.000000
1.000000,-0.011233,0.014846,0.011563,0.008544,0.004939,0.020409,0.019470,-0.030943,-0.000803,0.050328,0.000000
1.000000,-0.023953,0.002216,0.008987,0.007698,0.002815,0.020869,0.019313,-0.029827,0.001600,0.045761,0.000000
1.000000,-0.036470,-0.015815,0.005340,0.003798,0.001820,0.019609,0.017777,-0.027697,0.004180,0.040932,0.000000
1.000000,-0.010339,-0.014582,0.005580,0.002274,0.002064,0.019508,0.017404,-0.027335,0.004128,0.039524,0.000000
1.000000,-0.015125,-0.019424,0.008244,0.004602,0.000931,0.017306,0.016115,-0.020027,0.007480,0.026636,0.000000
1.000000,0.055855,-0.006006,0.004420,0.005844,0.002673,0.018228,0.016851,-0.017173,0.010266,0.022381,0.000000
1.000000,-0.013393,-0.003894,-0.000839,0.003944,0.001848,0.018623,0.016813,-0.017658,0.010076,0.025529,0.000000
1.000000,0.025514,0.008502,-0.003656,0.004947,0.004011,0.018101,0.015200,-0.018145,0.008661,0.026011,0.000000
1.000000,-0.028891,0.004792,-0.004895,0.003171,0.002822,0.018679,0.013764,-0.017500,0.010311,0.018349,0.000000
1.000000,-0.024538,0.002910,-0.008257,0.002275,0.002312,0.017790,0.014144,-0.010174,0.015046,0.007195,0.000000
1.000000,0.021715,-0.003918,-0.004962,0.003300,0.004042,0.017644,0.013989,-0.009997,0.014782,0.006523,0.000000
1.000000,-0.022293,-0.005698,-0.004796,0.002095,0.003533,0.016509,0.013114,-0.006973,0.014124,-0.000498,0.000000
1.000000,-0.013384,-0.013478,-0.002488,0.001426,0.001703,0.016137,0.013350,-0.009729,0.013141,0.002030,0.000000
1.000000,0.042438,0.000788,0.002790,0.004185,0.002446,0.017177,0.013670,-0.010174,0.013911,0.007464,0.000000
1.000000,-0.027321,0.000231,0.001570,0.004907,0.003591,0.017228,0.013391,-0.010262,0.012056,0.008732,0.000000
1.000000,-0.000577,-0.004228,-0.004073,0.000174,0.002538,0.017064,0.013518,-0.010298,0.013629,0.008933,0.000000
1.000000,-0.015125,-0.002794,-0.004246,-0.002543,0.001214,0.017166,0.013567,-0.010621,0.013909,0.009755,0.000000
1.000000,-0.002935,-0.000704,-0.007091,-0.005374,0.000934,0.016973,0.013237,-0.010440,0.013036,0.010444,0.000000
1.000000,0.004107,-0.008370,-0.003791,-0.004343,0.000850,0.016671,0.013785,-0.009881,0.013085,0.011187,0.000000
1.000000,-0.018317,-0.006570,-0.003169,-0.005713,0.000460,0.016412,0.014341,-0.008804,0.012183,0.010522,0.000000
1.000000,0.036304,0.000807,-0.001710,-0.003336,0.001630,0.016603,0.014332,-0.007623,0.012498,0.007306,0.000000
1.000000,0.002871,0.004406,0.000806,-0.001995,0.001666,0.016568,0.015681,-0.007368,0.014065,0.005798,0.000000
1.000000,0.009701,0.006933,0.003114,0.000313,0.001989,0.016496,0.015530,-0.007146,0.013657,0.005175,0.000000
1.000000,0.020237,0.010159,0.000894,0.001842,0.003088,0.016576,0.015938,-0.007729,0.014000,0.005495,0.000000
1.000000,-0.002228,0.013377,0.003404,0.002487,0.004406,0.016654,0.016701,-0.007588,0.014566,0.005905,0.000000
1.000000,0.018785,0.009873,0.005340,0.000633,0.001896,0.017190,0.015076,-0.009093,0.012604,0.008395,0.000000
1.000000,-0.008244,0.007650,0.006028,0.000891,0.000314,0.017351,0.015563,-0.010491,0.010962,0.011221,0.000000
1.000000,-0.006645,0.004381,0.005657,-0.000717,-0.001697,0.017381,0.015674,-0.010905,0.011307,0.011535,0.000000
1.000000,0.015436,0.003421,0.006790,0.001499,-0.000632,0.017325,0.015236,-0.012282,0.008899,0.012844,0.000000
1.000000,0.021646,0.008196,0.010786,0.003808,-0.000213,0.017646,0.014737,-0.015215,0.009436,0.015427,0.000000
1.000000,-0.026032,-0.000768,0.004553,0.001421,-0.000707,0.017628,0.014903,-0.014671,0.009724,0.013524,0.000000
1.000000,0.019587,0.004798,0.006224,0.003515,0.000745,0.017396,0.014704,-0.013904,0.012243,0.010970,0.000000
1.000000,0.007515,0.007630,0.006006,0.004560,0.002211,0.016961,0.014583,-0.011817,0.011367,0.009264,0.000000
1.000000,-0.019984,0.000546,0.001984,0.001439,0.001889,0.017093,0.014336,-0.011438,0.011560,0.009533,0.000000
1.000000,-0.010420,-0.005867,0.001164,0.002284,0.002046,0.017172,0.014359,-0.010262,0.015577,0.006120,0.000000
1.000000,-0.018921,-0.004445,-0.002606,0.001367,-0.000446,0.017495,0.015836,-0.010195,0.016849,0.005068,0.000000
1.000000,0.000562,-0.008250,-0.001726,0.002151,0.000019,0.017225,0.016736,-0.009674,0.015854,0.004095,0.000000
1.000000,-0.002248,-0.010202,-0.001286,0.002186,-0.000907,0.016731,0.017031,-0.009892,0.015883,0.003951,0.000000
1.000000,0.010078,-0.004190,-0.001822,0.002484,0.000392,0.016575,0.017658,-0.008824,0.015186,0.003113,0.000000
1.000000,0.008874,-0.000331,-0.003099,0.003844,0.001506,0.016252,0.017045,-0.009133,0.014833,0.002389,0.000000
1.000000,-0.008874,0.001678,-0.001383,0.001585,0.000486,0.016132,0.017285,-0.008378,0.018691,0.001419,0.000000
1.000000,0.009426,0.003451,-0.002399,0.001912,0.001544,0.016237,0.016936,-0.008671,0.018553,0.001595,0.000000
1.000000,0.025069,0.008915,-0.000644,0.002681,0.002825,0.016036,0.018100,-0.007256,0.019498,-0.001526,0.000000
1.000000,0.017605,0.010420,0.003115,0.002549,0.001998,0.015930,0.018484,-0.006974,0.020382,-0.001768,0.000000
1.000000,-0.034431,0.001759,0.000714,0.000939,0.001761,0.015927,0.011583,-0.003277,0.009100,0.000456,0.000000
1.000000,0.007090,0.004952,0.003315,0.000355,0.002016,0.015529,0.010927,-0.003113,0.007270,-0.000846,0.000000
1.000000,-0.012029,0.000661,0.002056,0.000165,0.002120,0.015531,0.009670,-0.005400,0.003035,-0.002715,0.000000
1.000000,0.013115,-0.001730,0.003593,0.001153,0.002655,0.015340,0.010506,-0.004803,0.004035,-0.004180,0.000000
1.000000,-0.033116,-0.011874,-0.000727,-0.001274,0.001414,0.015174,0.010322,-0.004425,0.004168,-0.004136,0.000000
1.000000,0.022198,-0.000548,0.000606,-0.001247,0.002764,0.014969,0.011131,-0.002594,0.005580,-0.007005,0.000000
1.000000,0.004381,-0.001090,0.001931,0.000274,0.001700,0.014986,0.011025,-0.001841,0.006408,-0.009282,0.000000
1.000000,0.011410,0.003598,0.002129,-0.000135,0.001985,0.015052,0.010852,-0.001650,0.007122,-0.009556,0.000000
1.000000,0.033469,0.007669,0.002969,0.001163,0.002777,0.014444,0.014735,0.001266,0.011552,-0.011084,0.000000
1.000000,0.012977,0.016887,0.002507,0.002811,0.002535,0.014537,0.015088,0.002149,0.010724,-0.010396,0.000000
1.000000,0.035962,0.019640,0.009546,0.005130,0.003808,0.014389,0.012608,0.000175,0.010004,-0.004920,0.000000
1.000000,-0.023661,0.014032,0.006471,0.004893,0.002393,0.011213,0.012241,0.005113,0.001526,-0.007525,0.000000
1.000000,-0.038956,0.003958,0.003778,0.002917,0.001370,0.010605,0.013909,0.005790,0.002682,-0.006227,0.000000
1.000000,0.015765,0.000418,0.004043,0.003818,0.002117,0.012435,0.016458,0.008627,0.007634,-0.008652,0.000000
1.000000,-0.002610,-0.002700,0.007094,0.003183,0.001515,0.012388,0.015606,0.007086,0.006440,-0.005610,0.000000
1.000000,0.003652,-0.009162,0.005239,0.002922,0.000915,0.012414,0.014893,0.006165,0.004477,-0.003887,0.000000
1.000000,-0.011524,-0.006735,0.003648,0.002790,0.001399,0.012603,0.014201,0.004900,0.004845,-0.002408,0.000000
1.000000,-0.004753,0.000106,0.002032,0.002081,0.000587,0.012588,0.014210,0.004846,0.004830,-0.002421,0.000000
1.000000,0.003171,-0.002413,-0.000998,0.000986,0.000443,0.014600,0.016225,0.003941,0.002607,-0.001538,0.000000
1.000000,-0.008479,-0.003587,-0.003143,-0.000318,0.000826,0.014641,0.016549,0.003977,0.002893,-0.001076,0.000000
1.000000,-0.001065,-0.004530,-0.006846,0.001350,0.001138,0.013874,0.014633,0.004703,0.003824,-0.001367,0.000000
1.000000,0.061470,0.010069,0.001667,0.004069,0.003818,0.014227,0.014386,0.003589,0.009479,-0.003185,0.000000
1.000000,-0.026912,0.005637,0.002872,0.003325,0.002902,0.014105,0.014802,0.005242,0.008680,-0.005512,0.000000
1.000000,0.005133,0.006030,0.001808,0.002926,0.003148,0.014032,0.013842,0.005175,0.009945,-0.005460,0.000000
1.000000,-0.014441,0.004837,0.000625,0.003859,0.002331,0.013007,0.014786,0.003322,0.007317,0.002802,0.000000
1.000000,0.010336,0.007117,0.001294,0.003266,0.002379,0.012921,0.014123,0.003437,0.010263,0.000466,0.000000
1.000000,-0.037187,-0.012614,-0.001273,0.001188,0.001436,0.013058,0.015179,0.000648,0.007189,0.005110,0.000000
1.000000,0.016932,-0.003845,0.000896,0.001464,0.001686,0.013881,0.017341,-0.000052,0.009194,0.009681,0.000000
1.000000,-0.023893,-0.009651,-0.001810,-0.001404,0.000054,0.015240,0.016835,0.003751,0.009743,0.005691,0.000000
1.000000,-0.016798,-0.010122,-0.002642,-0.002893,-0.001093,0.014104,0.015278,0.003564,0.009169,0.004325,0.000000
1.000000,0.033847,-0.005420,0.000849,-0.002999,0.001183,0.014532,0.014364,0.000860,0.012086,0.007980,0.000000
1.000000,-0.004766,0.001064,-0.005775,-0.002054,0.000788,0.014998,0.014711,0.001284,0.010738,0.006620,0.000000
1.000000,-0.010136,-0.004349,-0.004097,-0.000613,0.000851,0.014654,0.014775,0.002336,0.010189,0.005090,0.000000
1.000000,0.001072,0.000644,-0.004503,-0.001348,0.000449,0.014850,0.014972,0.002459,0.010429,0.004899,0.000000
1.000000,0.000535,0.004110,-0.003006,-0.001190,0.001571,0.014961,0.014721,0.002576,0.010641,0.003962,0.000000
1.000000,0.014878,0.000317,-0.002552,-0.000629,0.001327,0.015121,0.013726,0.001849,0.010414,0.004008,0.000000
1.000000,0.031666,0.007603,0.004334,0.001531,0.002237,0.014102,0.015166,0.000272,0.011176,0.008985,0.000000
1.000000,0.003571,0.010344,0.002998,0.001947,0.001975,0.014042,0.015126,0.000353,0.010797,0.008698,0.000000
1.000000,-0.000509,0.010028,0.005336,0.001763,0.000843,0.014022,0.015231,0.000164,0.011233,0.009437,0.000000
1.000000,0.007612,0.011444,0.007777,0.002567,0.000664,0.013992,0.015146,0.001416,0.010099,0.008483,0.000000
1.000000,0.001011,0.008670,0.004493,0.002671,-0.000501,0.013970,0.015200,0.001721,0.009903,0.007480,0.000000
1.000000,0.007046,0.003746,0.005675,-0.000050,0.000522,0.013612,0.015651,0.001818,0.010480,0.008490,0.000000
1.000000,-0.002511,0.002530,0.006437,0.001170,0.001737,0.013544,0.015667,0.001557,0.011448,0.008150,0.000000
1.000000,0.001507,0.002933,0.006481,0.000989,0.001262,0.013902,0.015990,0.002259,0.010976,0.009495,0.000000
1.000000,-0.019261,-0.002442,0.004501,0.000748,0.000707,0.014125,0.016983,0.002865,0.013554,0.011448,0.000000
1.000000,-0.001536,-0.002951,0.002860,0.000154,0.000534,0.014296,0.016226,0.002963,0.013960,0.013337,0.000000
1.000000,-0.007718,-0.005904,-0.001079,0.001627,0.000661,0.013895,0.015811,0.001596,0.014352,0.017906,0.000000
1.000000,0.001548,-0.005092,-0.001281,0.000858,0.000871,0.013451,0.015429,0.001892,0.014074,0.017802,0.000000
1.000000,0.017890,-0.001815,0.000559,0.002947,0.001361,0.013683,0.016090,0.001425,0.013765,0.019352,0.000000
1.000000,-0.018405,-0.001644,-0.002043,0.002867,0.001031,0.013601,0.016070,0.001255,0.014137,0.018364,0.000000
1.000000,0.016885,0.002040,-0.000456,0.002019,0.001629,0.013500,0.015817,0.001289,0.013982,0.015814,0.000000
1.000000,0.001521,0.003888,-0.001008,0.002333,-0.000369,0.013121,0.015807,0.001624,0.013898,0.014706,0.000000
1.000000,0.009579,0.005494,0.000201,0.003319,0.000847,0.013205,0.015501,0.001749,0.014903,0.014679,0.000000
1.000000,-0.002512,0.001413,-0.000201,0.003140,0.000592,0.013985,0.015183,0.002712,0.014893,0.014652,0.000000
1.000000,0.010010,0.007097,0.002726,0.003614,0.001407,0.013896,0.015311,0.002963,0.014475,0.013260,0.000000
1.000000,-0.011017,0.001516,0.001778,0.002319,0.000695,0.015860,0.016961,0.004846,0.015426,0.015787,0.000000
1.000000,-0.005048,0.000203,0.002045,0.000483,0.001767,0.015701,0.017027,0.004553,0.015043,0.015549,0.000000
1.000000,0.007562,-0.000201,0.002646,0.000683,0.001454,0.014354,0.017328,0.004214,0.015134,0.014780,0.000000
1.000000,0.004510,0.001204,0.001309,0.000934,0.002401,0.014763,0.016159,0.003008,0.014902,0.017896,0.000000
1.000000,-0.009545,-0.002707,0.002195,0.000076,0.002643,0.014624,0.016017,0.003043,0.014265,0.017156,0.000000
1.000000,0.000505,-0.000403,0.000557,0.000050,0.001531,0.012261,0.018041,-0.002609,0.015363,0.016173,0.000000
1.000000,0.016513,0.003909,0.002056,0.000524,0.002241,0.013396,0.018584,-0.001371,0.017646,0.017628,0.000000
1.000000,0.028378,0.008072,0.003936,0.002068,0.003525,0.013546,0.018555,-0.005220,0.020536,0.024928,0.000000
1.000000,0.052619,0.017694,0.009449,0.004624,0.005243,0.015246,0.017990,-0.006643,0.019516,0.027619,0.000000
1.000000,0.011377,0.021878,0.009585,0.006156,0.005604,0.014765,0.017563,-0.005997,0.020592,0.028563,0.000000
1.000000,-0.006810,0.020415,0.010006,0.005892,0.004881,0.015094,0.017430,-0.006849,0.020943,0.032586,0.000000
1.000000,-0.003194,0.016474,0.010191,0.006118,0.003719,0.014917,0.017427,-0.008566,0.020619,0.033523,0.000000
1.000000,-0.019382,0.006922,0.007497,0.005072,0.002954,0.015785,0.017498,-0.008555,0.019991,0.034693,0.000000
1.000000,-0.026442,-0.008890,0.004402,0.002855,0.002090,0.017052,0.013653,-0.008532,0.015030,0.031522,0.000000
1.000000,-0.011066,-0.013379,0.004250,0.003222,0.001467,0.016568,0.012625,-0.009692,0.012495,0.026859,0.000000
1.000000,-0.030953,-0.018207,0.001104,0.000830,0.000402,0.015232,0.012633,-0.010205,0.012762,0.022297,0.000000
1.000000,0.025617,-0.012445,0.002014,0.002035,0.001021,0.015376,0.011166,-0.010418,0.011826,0.014064,0.000000
1.000000,0.008717,-0.006825,0.000048,0.001992,0.001395,0.014616,0.009391,-0.011013,0.009454,0.010488,0.000000
1.000000,-0.006773,-0.002892,-0.005891,0.001779,0.001119,0.014627,0.009550,-0.010999,0.009546,0.010489,0.000000
1.000000,0.003876,0.000097,-0.006641,0.001472,0.001890,0.014545,0.009129,-0.011641,0.008847,0.010820,0.000000
1.000000,0.002897,0.006867,-0.005670,0.002168,0.002038,0.014431,0.009133,-0.011868,0.006967,0.011462,0.000000
1.000000,-0.025392,-0.003335,-0.007890,0.001151,0.001449,0.014520,0.009687,-0.011197,0.006974,0.010741,0.000000
1.000000,0.008372,-0.003404,-0.005115,0.001191,0.001676,0.014626,0.009628,-0.010810,0.006669,0.010371,0.000000
1.000000,0.014606,0.000872,-0.001010,0.001696,0.001567,0.014245,0.009836,-0.009278,0.007280,0.008069,0.000000
1.000000,0.006264,0.001349,0.000723,0.002486,0.002389,0.013652,0.009839,-0.008984,0.006489,0.007427,0.000000
1.000000,0.006225,0.002015,0.004441,0.002772,0.002034,0.014468,0.010545,-0.008638,0.006294,0.007400,0.000000
1.000000,-0.007667,0.005560,0.001112,0.001563,0.001728,0.012866,0.007635,-0.010890,-0.001797,0.011904,0.000000
1.000000,-0.000962,0.003693,0.000145,0.000096,0.001376,0.011951,0.008451,-0.014403,-0.000347,0.013751,0.000000
1.000000,-0.024368,-0.004102,-0.001615,-0.003753,0.000648,0.012483,0.010298,-0.013742,0.001355,0.017772,0.000000
1.000000,-0.012410,-0.007836,-0.003244,-0.004942,-0.000100,0.012631,0.011906,-0.012726,0.001660,0.016153,0.000000
1.000000,-0.006012,-0.010284,-0.004134,-0.004902,0.000067,0.012591,0.011412,-0.014692,-0.004724,0.023172,0.000000
1.000000,-0.001509,-0.009052,-0.001746,-0.004818,0.000185,0.012593,0.011244,-0.011866,-0.000746,0.018657,0.000000
1.000000,0.019931,-0.004874,-0.000590,-0.002852,0.000597,0.010820,0.009120,-0.019183,-0.005589,0.022890,0.000000
1.000000,-0.061550,-0.012310,-0.008206,-0.004608,-0.001605,0.012535,0.011869,-0.018716,-0.003787,0.024699,0.000000
1.000000,-0.027661,-0.015360,-0.011598,-0.005438,-0.002209,0.012767,0.014308,-0.019563,-0.002742,0.019464,0.000000
1.000000,0.003231,-0.013512,-0.011898,-0.003728,-0.002118,0.011492,0.015129,-0.017312,-0.003663,0.015422,0.000000
1.000000,0.004827,-0.012244,-0.010648,-0.004768,-0.002507,0.012050,0.015404,-0.015360,-0.001105,0.014576,0.000000
1.000000,-0.002679,-0.016766,-0.010820,-0.005338,-0.003542,0.012423,0.015368,-0.016385,-0.001456,0.015041,0.000000
1.000000,-0.001611,-0.004779,-0.008544,-0.005080,-0.005350,0.012930,0.012959,-0.011087,-0.005056,0.013609,0.000000
1.000000,0.002147,0.001183,-0.007089,-0.005166,-0.005658,0.013036,0.012405,-0.012945,-0.007012,0.017275,0.000000
1.000000,-0.002685,0.000000,-0.006756,-0.005445,-0.005520,0.012670,0.013117,-0.012547,-0.005525,0.015545,0.000000
1.000000,0.011227,0.001280,-0.005482,-0.003614,-0.005039,0.013249,0.010388,-0.012711,-0.006660,0.015515,0.000000
1.000000,-0.005865,0.000643,-0.008062,-0.004326,-0.004589,0.013504,0.010005,-0.007371,-0.005352,0.015285,0.000000
1.000000,0.001069,0.001179,-0.001800,-0.005003,-0.003672,0.013417,0.009703,-0.007902,-0.005124,0.016025,0.000000
1.000000,0.005328,0.001815,0.001499,-0.005050,-0.003125,0.013033,0.009477,-0.008851,-0.005786,0.016893,0.000000
1.000000,-0.004794,0.001393,0.000696,-0.005601,-0.002253,0.012647,0.009605,-0.008294,-0.005109,0.016229,0.000000
1.000000,-0.011815,-0.003216,-0.000968,-0.005808,-0.003501,0.012597,0.010296,-0.007648,-0.004154,0.014933,0.000000
1.000000,-0.003789,-0.002800,-0.001079,-0.005949,-0.003918,0.012586,0.010104,-0.007557,-0.003938,0.014601,0.000000
1.000000,0.006487,-0.001717,-0.000269,-0.004407,-0.003476,0.012637,0.010170,-0.007456,-0.004147,0.014750,0.000000
1.000000,-0.003238,-0.003430,-0.000808,-0.003948,-0.003713,0.012674,0.009054,-0.005840,-0.003326,0.013337,0.000000
1.000000,-0.019100,-0.006291,-0.002449,-0.004602,-0.004446,0.012711,0.009366,-0.006152,-0.003748,0.013886,0.000000
1.000000,-0.007188,-0.005366,-0.004291,-0.004886,-0.003840,0.012666,0.009264,-0.006186,-0.003804,0.013724,0.000000
1.000000,-0.015097,-0.007627,-0.005214,-0.006638,-0.004622,0.012148,0.010199,-0.006220,-0.001691,0.013776,0.000000
1.000000,-0.008487,-0.010622,-0.006169,-0.003985,-0.005392,0.012034,0.010451,-0.006201,0.000366,0.011814,0.000000
1.000000,-0.045330,-0.019040,-0.011235,-0.004868,-0.007112,0.012309,0.009878,-0.005960,-0.001514,0.012814,0.000000
1.000000,0.011233,-0.012974,-0.009633,-0.004468,-0.006945,0.011574,0.010454,-0.005917,-0.003086,0.010784,0.000000
1.000000,0.029542,-0.005628,-0.005497,-0.003232,-0.005704,0.011862,0.010044,-0.005834,-0.003275,0.010723,0.000000
1.000000,0.008525,-0.000903,-0.004265,-0.002672,-0.005388,0.011688,0.011020,-0.006486,-0.001762,0.010363,0.000000
1.000000,0.004517,0.001697,-0.004462,-0.002366,-0.004425,0.011616,0.010095,-0.006742,-0.002291,0.010639,0.000000
1.000000,-0.011332,0.008497,-0.005272,-0.003040,-0.004389,0.011618,0.009155,-0.007956,-0.002489,0.012218,0.000000
1.000000,-0.015504,0.003150,-0.004912,-0.003681,-0.004706,0.011171,0.008928,-0.008429,-0.002875,0.012466,0.000000
1.000000,0.025144,0.002270,-0.001679,-0.002985,-0.003817,0.011303,0.009260,-0.008621,-0.001929,0.011549,0.000000
1.000000,-0.005092,-0.000453,-0.000678,-0.002946,-0.004651,0.011309,0.009585,-0.008378,-0.001850,0.010397,0.000000
1.000000,0.008472,0.000338,0.001018,-0.002576,-0.002317,0.011023,0.010805,-0.007974,-0.000639,0.007577,0.000000
1.000000,0.044550,0.011514,0.010006,-0.000615,0.000090,0.011603,0.010910,-0.008741,-0.000884,0.008825,0.000000
1.000000,-0.001615,0.014292,0.008721,-0.000456,-0.000072,0.011465,0.011197,-0.008478,0.000132,0.008133,0.000000
1.000000,0.026583,0.014580,0.008425,0.001464,0.000653,0.011164,0.010927,-0.007389,-0.000742,0.004352,0.000000
1.000000,-0.014799,0.012638,0.006092,0.000914,0.000249,0.010983,0.011862,-0.004604,-0.000609,0.001327,0.000000
1.000000,-0.017728,0.007398,0.003868,-0.000297,-0.000288,0.010300,0.010948,-0.003304,0.000194,-0.000772,0.000000
1.000000,0.016129,0.001714,0.006614,0.000671,0.000178,0.010397,0.010299,-0.003206,-0.000740,-0.000008,0.000000
1.000000,-0.002136,0.001610,0.007951,0.001519,0.000197,0.010332,0.010217,-0.003068,-0.001716,-0.000632,0.000000
1.000000,0.002136,-0.003280,0.005650,0.001986,-0.000106,0.010272,0.009959,-0.002002,-0.001828,-0.001507,0.000000
1.000000,-0.013964,-0.003112,0.004763,0.002042,-0.000376,0.010235,0.009998,-0.001713,-0.001330,-0.001944,0.000000
1.000000,0.009152,0.002264,0.004831,0.002924,-0.000107,0.010245,0.011193,-0.000003,0.001988,-0.005312,0.000000
1.000000,-0.015119,-0.003986,-0.001136,0.004435,-0.000789,0.010269,0.011205,-0.000028,0.002400,-0.004933,0.000000
1.000000,0.005967,-0.002366,-0.000378,0.004171,-0.000430,0.010024,0.010805,0.000260,0.002056,-0.005688,0.000000
1.000000,0.000541,-0.002685,-0.002982,0.002721,-0.000018,0.010018,0.010143,-0.000112,0.002015,-0.003394,0.000000
1.000000,-0.017999,-0.003492,-0.003302,0.001395,-0.000492,0.009949,0.010681,0.000324,0.002140,-0.004462,0.000000
1.000000,-0.035858,-0.012494,-0.005115,-0.000624,-0.001903,0.010108,0.010731,0.000138,0.001620,-0.004320,0.000000
1.000000,-0.003429,-0.010156,-0.007071,-0.000228,-0.001910,0.010168,0.010763,0.000188,0.002353,-0.004105,0.000000
1.000000,0.028219,-0.005705,-0.004035,0.001958,-0.000332,0.010343,0.010062,0.000009,0.000292,-0.003161,0.000000
1.000000,-0.007261,-0.007266,-0.004975,0.000337,-0.000335,0.010228,0.010187,0.000048,0.000678,-0.003431,0.000000
1.000000,0.008929,-0.001880,-0.002686,0.001038,0.000466,0.010000,0.010069,0.000578,0.000976,-0.004654,0.000000
1.000000,0.014889,0.008269,-0.002112,0.001359,0.001245,0.009628,0.009416,0.000599,0.000841,-0.005756,0.000000
1.000000,-0.019901,0.004975,-0.002590,-0.001863,0.002093,0.009678,0.009263,-0.000284,0.001041,-0.005488,0.000000
1.000000,0.005568,0.000445,-0.002630,-0.001504,0.001904,0.009494,0.008740,-0.000166,0.000918,-0.005816,0.000000
1.000000,-0.000555,0.001786,-0.002740,-0.002861,0.000901,0.009345,0.008491,0.000017,0.000357,-0.006543,0.000000
1.000000,-0.003339,-0.000668,-0.001274,-0.002288,0.000505,0.009332,0.008483,0.000511,-0.000126,-0.007687,0.000000
1.000000,0.003339,-0.002978,0.002646,-0.001235,0.000466,0.008999,0.007588,0.001236,-0.001175,-0.011426,0.000000
1.000000,-0.001112,0.000780,0.002877,-0.002097,0.000807,0.008835,0.006833,0.001034,-0.000587,-0.011495,0.000000
1.000000,0.001112,-0.000111,0.000167,-0.001934,0.001361,0.008750,0.005761,0.000483,-0.003070,-0.008955,0.000000
1.000000,0.000000,0.000000,0.000893,-0.002041,0.000523,0.008545,0.005304,-0.000945,0.000898,-0.007469,0.000000
1.000000,0.000000,0.000668,0.000000,-0.001343,0.000692,0.008795,0.006836,0.000109,0.002519,-0.009673,0.000000
1.000000,-0.003339,-0.000668,-0.001823,-0.001967,0.000299,0.007809,0.003448,0.000249,-0.001453,-0.009457,0.000000
1.000000,-0.006150,-0.001676,-0.000448,-0.001519,-0.001391,0.007684,0.002489,-0.000652,-0.002357,-0.007092,0.000000
1.000000,-0.011848,-0.004267,-0.002189,-0.002410,-0.001732,0.007764,0.002471,-0.000729,-0.002547,-0.006730,0.000000
1.000000,0.021337,0.000000,0.000000,-0.001370,-0.001907,0.007912,0.001270,-0.001470,-0.004561,-0.003606,0.000000
1.000000,0.153674,0.030735,0.015701,0.007214,0.003708,0.009222,0.007913,0.001345,0.012426,-0.026348,0.000000
1.000000,0.045176,0.040438,0.019885,0.011265,0.005805,0.009319,0.007741,-0.001755,0.015899,-0.023910,0.000000
1.000000,0.001365,0.041941,0.020133,0.011505,0.005313,0.009271,0.007555,-0.001694,0.015545,-0.024097,0.000000
1.000000,-0.002276,0.043855,0.019794,0.009980,0.005308,0.009024,0.006040,-0.003201,0.016901,-0.022165,0.000000
1.000000,0.002731,0.040134,0.020067,0.010480,0.005328,0.009037,0.006186,-0.003116,0.016715,-0.022012,0.000000
1.000000,-0.002731,0.008853,0.019794,0.009897,0.005703,0.009151,0.006373,-0.003774,0.016819,-0.022808,0.000000
1.000000,0.006361,0.001090,0.020764,0.009471,0.005610,0.009112,0.006306,-0.003735,0.016964,-0.022985,0.000000
1.000000,0.018399,0.004497,0.023219,0.011386,0.006727,0.009298,0.007015,-0.003106,0.017911,-0.024281,0.000000
1.000000,0.004879,0.005928,0.024892,0.011351,0.006691,0.009373,0.007049,-0.003322,0.018162,-0.023795,0.000000
1.000000,-0.007996,0.003782,0.021958,0.010979,0.006406,0.009360,0.006784,-0.003655,0.017805,-0.023407,0.000000
1.000000,0.011530,0.006634,0.007744,0.011723,0.007390,0.009318,0.006925,-0.003272,0.017450,-0.024005,0.000000
1.000000,-0.014657,0.002431,0.001760,0.010823,0.008097,0.009254,0.006712,-0.003285,0.016967,-0.023832,0.000000
1.000000,0.006689,0.000089,0.002293,0.011213,0.008434,0.009424,0.007043,-0.003992,0.016941,-0.023525,0.000000
1.000000,-0.002225,-0.001332,0.002298,0.011046,0.007420,0.009298,0.006505,-0.003810,0.017168,-0.023757,0.000000
1.000000,-0.018432,-0.003419,0.000182,0.010124,0.007047,0.009557,0.006862,-0.003806,0.017033,-0.022983,0.000000
1.000000,0.000454,-0.005634,0.000500,0.010147,0.006765,0.009414,0.006225,-0.003713,0.013721,-0.021206,0.000000
1.000000,0.003622,-0.001978,0.000226,0.010495,0.006389,0.010046,0.005132,-0.003085,0.017369,-0.026136,0.000000
1.000000,-0.003168,-0.003950,-0.001930,0.010644,0.006947,0.009318,0.005670,-0.003297,0.018664,-0.026374,0.000000
1.000000,0.006777,-0.002150,-0.001741,0.011575,0.006987,0.009145,0.005320,-0.003643,0.018325,-0.024754,0.000000
1.000000,0.002249,0.001986,-0.000716,0.010621,0.007081,0.010029,0.004172,-0.003467,0.019103,-0.026511,0.000000
1.000000,0.006716,0.003239,-0.001198,0.003273,0.007416,0.010352,0.003237,-0.002620,0.017604,-0.027170,0.000000
1.000000,0.001783,0.002871,0.000446,0.001103,0.007364,0.010367,0.002648,-0.002494,0.017065,-0.026989,0.000000
1.000000,-0.001783,0.003148,-0.000401,0.000946,0.007342,0.010434,0.001882,-0.002866,0.016608,-0.026869,0.000000
1.000000,0.003119,0.002417,0.000134,0.001216,0.007408,0.011140,0.001449,-0.002277,0.016764,-0.027693,0.000000
1.000000,0.000889,0.002145,0.002066,0.001124,0.007438,0.011820,0.001347,-0.002653,0.018720,-0.029902,0.000000
1.000000,-0.003562,0.000089,0.001664,0.001082,0.007319,0.011696,0.001444,-0.002250,0.018400,-0.031026,0.000000
1.000000,0.008439,0.001420,0.002146,0.001186,0.007712,0.011894,0.001090,-0.002415,0.018066,-0.029856,0.000000
1.000000,0.001768,0.002131,0.002639,0.000354,0.007976,0.011521,0.001377,-0.002560,0.018121,-0.029609,0.000000
1.000000,-0.028663,-0.004226,-0.000905,-0.001323,0.007415,0.012082,0.000984,-0.002704,0.017591,-0.029508,0.000000
1.000000,0.005889,-0.003226,-0.000541,-0.000628,0.006900,0.010862,0.002736,-0.002331,0.016663,-0.027530,0.000000
1.000000,0.004507,-0.001612,-0.000761,-0.000980,0.001928,0.011044,0.002195,-0.003156,0.017034,-0.028200,0.000000
1.000000,-0.003604,-0.004021,-0.001300,-0.000427,0.000302,0.011164,0.001845,-0.002780,0.016296,-0.026306,0.000000
1.000000,-0.004976,-0.005369,-0.001619,-0.001010,0.000091,0.010955,0.001937,-0.003018,0.016578,-0.025341,0.000000
1.000000,0.008580,0.002079,-0.001073,-0.000470,0.000453,0.011162,0.002052,-0.002920,0.017008,-0.025092,0.000000
1.000000,0.002694,0.001440,-0.000893,0.000586,0.000451,0.010195,0.002421,-0.004091,0.016674,-0.022939,0.000000
1.000000,-0.006298,-0.000721,-0.001166,0.000249,0.000333,0.009734,0.003593,-0.004568,0.016236,-0.021654,0.000000
1.000000,-0.024670,-0.004934,-0.004477,-0.001166,-0.000702,0.009457,0.004191,-0.006063,0.018381,-0.021166,0.000000
1.000000,0.026473,0.001356,-0.002007,0.000316,-0.000433,0.009456,0.004183,-0.006272,0.018527,-0.020985,0.000000
1.000000,0.004046,0.000449,0.001264,0.000180,-0.000460,0.008956,0.004513,-0.006675,0.017841,-0.020315,0.000000
1.000000,-0.016739,-0.003437,-0.000999,-0.000770,-0.000752,0.009002,0.004415,-0.006890,0.017810,-0.020003,0.000000
1.000000,0.010438,-0.000090,-0.000405,-0.000583,-0.000788,0.009073,0.004360,-0.007041,0.017626,-0.019666,0.000000
1.000000,0.011223,0.007088,0.001077,-0.000111,0.000074,0.008872,0.004416,-0.006461,0.018233,-0.019195,0.000000
1.000000,0.018138,0.005421,0.003389,0.000885,0.000456,0.009072,0.004419,-0.006100,0.018630,-0.019045,0.000000
1.000000,0.024682,0.009549,0.004999,0.001963,0.001353,0.008581,0.005151,-0.006113,0.018553,-0.018189,0.000000
1.000000,-0.006867,0.011523,0.004043,0.001575,0.001738,0.008619,0.005057,-0.005832,0.018224,-0.018486,0.000000
1.000000,0.001291,0.009694,0.004802,0.001818,0.001766,0.008713,0.004936,-0.006893,0.017326,-0.015747,0.000000
1.000000,-0.006906,0.006068,0.006578,0.001050,0.001416,0.008567,0.004814,-0.006802,0.017229,-0.016409,0.000000
1.000000,-0.016154,-0.000791,0.002315,0.000154,0.000983,0.008606,0.004900,-0.006361,0.017657,-0.016500,0.000000
1.000000,-0.005296,-0.006786,0.001381,0.001323,0.000580,0.008427,0.004840,-0.006136,0.017895,-0.015751,0.000000
1.000000,-0.000885,-0.005590,0.002967,0.000984,0.000476,0.008671,0.005192,-0.006095,0.018693,-0.014672,0.000000
1.000000,0.000000,-0.005848,0.001923,0.000759,0.000252,0.008766,0.005740,-0.007942,0.019376,-0.013505,0.000000
1.000000,-0.026932,-0.009853,-0.001893,-0.000408,-0.000705,0.009206,0.005516,-0.008042,0.018818,-0.013840,0.000000
1.000000,-0.002277,-0.007078,-0.003934,-0.000273,-0.000722,0.009264,0.005695,-0.008602,0.018627,-0.013451,0.000000
1.000000,-0.011927,-0.008404,-0.007595,-0.001298,-0.001223,0.009109,0.006681,-0.008206,0.019689,-0.016988,0.000000
1.000000,-0.002773,-0.008782,-0.007186,-0.001572,-0.001345,0.008943,0.007151,-0.007339,0.018889,-0.016633,0.000000
1.000000,-0.034364,-0.015655,-0.010751,-0.002975,-0.002372,0.009044,0.006990,-0.007583,0.018722,-0.016206,0.000000
1.000000,0.008109,-0.008646,-0.009250,-0.001336,-0.002383,0.008834,0.007979,-0.008050,0.020926,-0.017522,0.000000
1.000000,0.006157,-0.006960,-0.007019,-0.002352,-0.002237,0.008467,0.009185,-0.007427,0.023058,-0.017943,0.000000
1.000000,-0.050349,-0.014644,-0.011524,-0.005072,-0.002960,0.007974,0.012257,-0.006546,0.024739,-0.021701,0.000000
1.000000,0.010373,-0.012015,-0.010398,-0.003716,-0.002810,0.007086,0.010391,-0.003472,0.023307,-0.025604,0.000000
1.000000,-0.042154,-0.013573,-0.014614,-0.006346,-0.004366,0.004696,0.007631,-0.006332,0.004512,-0.007167,0.000000
1.000000,0.024805,-0.010234,-0.009440,-0.005666,-0.003419,0.004596,0.008326,-0.003206,0.003879,-0.009921,0.000000
1.000000,-0.024293,-0.016324,-0.011642,-0.007788,-0.004062,0.004929,0.009376,-0.001372,0.005269,-0.010561,0.000000
1.000000,0.067831,0.007313,-0.003666,-0.005631,-0.002087,0.006863,0.015411,0.005378,0.014304,-0.011984,0.000000
1.000000,-0.025207,0.000196,-0.005909,-0.006548,-0.003017,0.007063,0.015830,0.004199,0.014313,-0.011197,0.000000
1.000000,0.007337,0.010095,-0.001739,-0.006245,-0.002563,0.006969,0.015871,0.004856,0.014826,-0.012487,0.000000
1.000000,0.008734,0.006880,-0.001677,-0.005463,-0.001450,0.006369,0.015625,0.005005,0.014071,-0.013918,0.000000
1.000000,0.013436,0.014426,-0.000949,-0.003984,-0.001884,0.006426,0.015133,0.004025,0.013842,-0.013625,0.001000
1.000000,-0.030489,-0.005238,0.001037,-0.005243,-0.003035,0.006686,0.015177,0.004518,0.014214,-0.014323,0.001000
1.000000,-0.025885,-0.005373,-0.002588,-0.006493,-0.003340,0.006305,0.015125,0.004120,0.011965,-0.014556,0.001000
1.000000,-0.027609,-0.012363,-0.001134,-0.007874,-0.004608,0.006416,0.013473,0.001802,0.008181,-0.010358,0.001000
1.000000,-0.078704,-0.029850,-0.011485,-0.010463,-0.007606,0.006965,0.013434,-0.001542,0.001732,-0.010944,0.001000
1.000000,0.007265,-0.031085,-0.008329,-0.009985,-0.007968,0.006885,0.014721,-0.000474,0.007430,-0.013386,0.001000
1.000000,0.002780,-0.024431,-0.014834,-0.009250,-0.008698,0.006947,0.014721,-0.000541,0.007644,-0.013420,0.001000
1.000000,0.015974,-0.016059,-0.010716,-0.008313,-0.007937,0.006631,0.014531,-0.000044,0.007867,-0.015708,0.001000
1.000000,-0.004930,-0.011523,-0.011943,-0.006841,-0.008144,0.006892,0.014180,0.000652,0.009715,-0.017430,0.001000
1.000000,0.022265,0.008671,-0.010590,-0.006133,-0.007172,0.007288,0.013904,0.001321,0.008559,-0.016846,0.001000
1.000000,0.015455,0.010309,-0.010388,-0.005668,-0.006118,0.007069,0.013622,0.001495,0.008274,-0.016926,0.001000
1.000000,0.004748,0.010702,-0.006864,-0.002913,-0.005784,0.007028,0.013822,0.002014,0.008988,-0.017928,0.001000
1.000000,-0.002107,0.007086,-0.004486,-0.003537,-0.005824,0.007035,0.013947,0.002008,0.008970,-0.017630,0.001000
1.000000,0.001581,0.008388,-0.001567,-0.001351,-0.005772,0.007095,0.013991,0.002002,0.009377,-0.017646,0.001000
1.000000,0.006822,0.005300,0.006985,-0.002250,-0.004647,0.006977,0.014334,0.001608,0.008805,-0.016808,0.001000
1.000000,-0.016878,-0.001167,0.004571,-0.001879,-0.005133,0.006933,0.014827,0.002598,0.008759,-0.018255,0.001000
1.000000,0.010056,-0.000105,0.005299,-0.004768,-0.004401,0.006940,0.015330,0.002469,0.008667,-0.018118,0.001000
1.000000,0.070642,0.014445,0.010765,0.000025,-0.001953,0.007278,0.014283,0.004633,0.010343,-0.023351,0.001000
1.000000,-0.008871,0.012354,0.010371,-0.000786,-0.001104,0.007449,0.013253,0.004229,0.011650,-0.023502,0.001000
1.000000,-0.003968,0.010196,0.007748,-0.001421,-0.001506,0.007407,0.013420,0.004131,0.011680,-0.023354,0.001000
1.000000,0.018223,0.017216,0.008025,-0.001182,-0.001104,0.007467,0.013378,0.004237,0.011776,-0.023264,0.001000
1.000000,0.033592,0.021923,0.010909,0.002022,0.001694,0.006896,0.014350,0.005949,0.010491,-0.024839,0.001000
1.000000,-0.009483,0.005898,0.010171,0.002843,0.001032,0.006783,0.013187,0.005113,0.009446,-0.024181,0.001000
1.000000,-0.024109,0.002851,0.007602,0.003018,0.001634,0.006577,0.013327,0.005327,0.007429,-0.023372,0.001000
1.000000,-0.005874,0.002470,0.006333,0.006659,0.000611,0.006413,0.012521,0.005106,0.008992,-0.025860,0.001000
1.000000,-0.028886,-0.006952,0.005132,0.004851,0.000458,0.006405,0.012929,0.005329,0.008698,-0.026408,0.001000
1.000000,0.002523,-0.013166,0.004379,0.004839,-0.001719,0.006386,0.012876,0.005265,0.008549,-0.026272,0.001000
1.000000,0.001008,-0.011068,-0.002585,0.004090,-0.000845,0.006971,0.012763,0.005608,0.009494,-0.026789,0.001000
1.000000,0.017965,-0.002653,0.000099,0.005235,-0.000491,0.006935,0.012389,0.005380,0.009501,-0.026478,0.001000
1.000000,-0.036258,-0.008730,-0.003130,0.002309,-0.001991,0.006763,0.012871,0.007896,0.006673,-0.026365,0.001000
1.000000,-0.008239,-0.004600,-0.005776,0.001124,-0.002713,0.006112,0.012994,0.009491,0.007349,-0.028802,0.001000
1.000000,0.024011,-0.000303,-0.006734,0.002087,-0.000896,0.006689,0.013077,0.009651,0.009735,-0.029742,0.001000
1.000000,0.012541,0.002004,-0.004532,0.002820,0.000384,0.006777,0.013319,0.009579,0.009608,-0.029132,0.001000
1.000000,0.020721,0.002555,-0.000049,0.003777,0.001995,0.006711,0.013756,0.009495,0.009311,-0.028893,0.001000
1.000000,-0.009321,0.007943,-0.000394,0.002970,0.004308,0.006508,0.013978,0.009668,0.009391,-0.029310,0.001000
1.000000,-0.030017,0.003587,-0.000507,0.002313,0.003065,0.006562,0.014227,0.010181,0.010939,-0.030011,0.001000
1.000000,-0.012778,-0.003771,-0.002037,0.001171,0.002547,0.006709,0.013875,0.010552,0.012878,-0.031585,0.001000
1.000000,-0.030290,-0.012337,-0.005166,-0.003876,0.001005,0.006815,0.013154,0.010649,0.012751,-0.031319,0.001000
1.000000,0.013692,-0.013743,-0.005594,-0.002747,0.001625,0.006987,0.013042,0.010378,0.012308,-0.030746,0.001000
1.000000,0.010406,-0.009797,-0.000927,-0.002029,0.001230,0.006884,0.011591,0.010878,0.010708,-0.029445,0.001000
1.000000,-0.011452,-0.006085,-0.001249,-0.003512,0.000333,0.006776,0.011719,0.010909,0.010729,-0.029516,0.001000
1.000000,0.018673,0.000206,-0.001783,-0.004258,0.000797,0.007092,0.012350,0.010065,0.010463,-0.028953,0.001000
1.000000,0.001027,0.006469,-0.002934,-0.003733,0.000902,0.007086,0.012256,0.009899,0.010190,-0.029116,0.000000
1.000000,-0.023372,-0.000944,-0.007343,-0.003696,0.000070,0.007565,0.012403,0.009914,0.010837,-0.028678,0.000000
1.000000,-0.005269,-0.004079,-0.006938,-0.003666,-0.000333,0.007537,0.012148,0.009242,0.010032,-0.027303,0.000000
1.000000,0.000528,-0.001682,-0.003883,-0.002195,0.000247,0.007819,0.012375,0.009208,0.010315,-0.026602,0.000000
1.000000,-0.017577,-0.008932,-0.004363,-0.003200,-0.000674,0.007733,0.012272,0.009016,0.010018,-0.026145,0.000000
1.000000,0.069530,0.004768,0.005619,0.000226,-0.000711,0.007796,0.013281,0.011387,0.013183,-0.029283,0.000000
1.000000,-0.030537,0.003335,0.001196,-0.002199,-0.001433,0.008571,0.012932,0.009564,0.013758,-0.027611,0.000000
1.000000,0.043980,0.013185,0.004553,0.001813,0.000165,0.008503,0.013240,0.011125,0.014724,-0.030421,0.000000
1.000000,0.010822,0.015244,0.006781,0.002766,-0.000081,0.010094,0.011445,0.010076,0.015354,-0.028732,0.000000
1.000000,-0.016774,0.015404,0.003236,0.000727,-0.001760,0.010710,0.009596,0.008907,0.015607,-0.026627,0.000000
1.000000,-0.002990,0.000900,0.002834,-0.000050,-0.001544,0.010930,0.009203,0.008721,0.015359,-0.025773,0.000000
1.000000,0.013875,0.009783,0.006559,-0.000392,-0.000278,0.012981,0.006833,0.005733,0.014624,-0.017793,0.000000
1.000000,-0.000492,0.000888,0.007037,0.000049,-0.000098,0.013045,0.006821,0.005722,0.014653,-0.017951,0.000000
1.000000,-0.022406,-0.005757,0.004743,0.000430,0.000118,0.013856,0.006501,0.004715,0.014910,-0.015511,0.000000
1.000000,0.002012,-0.002000,0.006702,0.001169,0.000101,0.011054,0.005534,0.004002,0.009726,-0.018686,0.000000
1.000000,-0.005543,-0.002511,-0.000805,0.002407,-0.000118,0.011253,0.005794,0.003679,0.009953,-0.018348,0.000000
1.000000,-0.042845,-0.013855,-0.002036,-0.000420,-0.002145,0.011317,0.006998,0.004131,0.010097,-0.018481,0.000000
1.000000,0.034218,-0.006913,-0.003012,0.000770,0.000204,0.013409,0.007679,0.003429,0.011160,-0.013471,0.000000
1.000000,-0.022160,-0.006864,-0.006310,0.000235,-0.000260,0.012992,0.008403,0.004587,0.011967,-0.015832,0.000000
1.000000,-0.006273,-0.008521,-0.005260,-0.001012,-0.001269,0.012929,0.007311,0.003473,0.008507,-0.011231,0.000000
1.000000,-0.003677,-0.008148,-0.005329,-0.001247,-0.001810,0.013743,0.006608,0.003382,0.009692,-0.010003,0.000000
1.000000,0.010471,0.002516,-0.005670,0.000445,-0.002151,0.013415,0.007655,0.004606,0.011480,-0.013082,0.001000
1.000000,-0.009419,-0.006212,-0.006562,0.000237,-0.002155,0.011397,0.006026,0.007759,0.013146,-0.010439,0.001000
1.000000,0.009940,0.000208,-0.003328,0.000708,-0.000823,0.011414,0.005738,0.007419,0.012824,-0.009775,0.001000
1.000000,0.002599,0.001983,-0.003269,0.001717,-0.000310,0.011232,0.006112,0.007881,0.013206,-0.010723,0.001000
1.000000,0.002075,0.003133,-0.002507,-0.001656,0.000769,0.012105,0.005733,0.007213,0.013234,-0.006907,0.001000
1.000000,0.025577,0.006154,0.004335,0.001149,0.001165,0.012756,0.005645,0.005672,0.013734,-0.006714,0.001000
1.000000,0.019010,0.011840,0.002814,-0.000099,0.001452,0.013052,0.005350,0.005618,0.013587,-0.006172,0.001000
1.000000,-0.012968,0.007259,0.003733,-0.001288,0.001401,0.013418,0.005375,0.005374,0.013737,-0.006011,0.001000
1.000000,0.005008,0.007740,0.004862,-0.000199,0.000946,0.014358,0.004575,0.004482,0.013280,-0.004632,0.001000
1.000000,-0.001000,0.007125,0.005129,-0.000100,0.000878,0.013399,0.004964,0.004168,0.011641,-0.005516,0.001000
1.000000,0.006976,0.003405,0.004780,-0.000445,0.001890,0.013474,0.004812,0.004348,0.012160,-0.004777,0.001000
1.000000,-0.036404,-0.007678,0.002081,-0.002240,0.000852,0.015698,0.004460,0.002943,0.013646,-0.002226,0.001000
1.000000,0.005648,-0.003955,0.001652,-0.000838,0.001023,0.014351,0.005372,0.004354,0.012648,-0.005781,0.001000
1.000000,-0.008743,-0.006705,0.000518,-0.001376,0.001317,0.014354,0.005340,0.004467,0.012407,-0.005793,0.001000
1.000000,0.014868,-0.003531,0.001797,-0.000355,-0.000505,0.011712,0.008029,0.004477,0.012346,-0.006241,0.001000
1.000000,-0.002548,-0.005436,-0.001015,0.001660,0.000428,0.011363,0.008522,0.004578,0.011822,-0.006452,0.001000
1.000000,0.049762,0.011798,0.002060,0.002437,0.000621,0.012178,0.009255,0.004316,0.013025,-0.008255,0.001000
1.000000,0.000970,0.010862,0.003454,0.003594,0.000292,0.012423,0.008807,0.003688,0.011808,-0.006952,0.001000
1.000000,0.025378,0.017686,0.005491,0.005176,0.001697,0.012424,0.008294,0.002200,0.014679,-0.007537,0.001000
1.000000,0.011751,0.017063,0.006766,0.005948,0.002189,0.012415,0.009437,0.003003,0.016309,-0.007551,0.001000
1.000000,-0.013170,0.014938,0.004751,0.004766,0.001287,0.012940,0.009574,0.003531,0.017285,-0.006612,0.001000
1.000000,0.010831,0.007152,0.009475,0.005778,0.001665,0.012457,0.010917,0.003789,0.016546,-0.005678,0.001000
1.000000,0.016721,0.010302,0.010582,0.006117,0.002969,0.012764,0.010105,0.002686,0.016229,-0.004035,0.001000
1.000000,0.002300,0.005687,0.011686,0.006102,0.002978,0.012935,0.010148,0.002847,0.016700,-0.003847,0.001000
1.000000,0.000459,0.003428,0.010246,0.006021,0.003179,0.013114,0.009455,0.002231,0.016229,-0.002923,0.001000
1.000000,-0.012480,0.003566,0.009252,0.004119,0.004191,0.013389,0.008862,0.002127,0.014806,-0.003338,0.001000
1.000000,0.016148,0.004630,0.005891,0.003975,0.003588,0.013494,0.008261,0.000431,0.014619,-0.003163,0.001000
1.000000,0.000915,0.001469,0.005885,0.004670,0.004358,0.013503,0.008243,0.000316,0.014649,-0.002987,0.001000
1.000000,0.029732,0.006955,0.006321,0.005906,0.005558,0.012650,0.007188,-0.001355,0.012825,0.003134,0.001000
1.000000,-0.005787,0.005706,0.004567,0.005666,0.005487,0.012435,0.007635,-0.001079,0.012687,0.003780,0.001000
1.000000,0.004454,0.009092,0.006329,0.005540,0.005287,0.012057,0.007645,-0.000742,0.013234,0.002716,0.001000
1.000000,0.006203,0.007103,0.005867,0.007671,0.005808,0.012033,0.007480,-0.000800,0.013251,0.002209,0.001000
1.000000,0.002206,0.007362,0.004415,0.007499,0.005550,0.011793,0.007132,-0.001260,0.011887,0.001384,0.001000
1.000000,-0.019582,-0.002501,0.002227,0.006957,0.004810,0.012206,0.005930,-0.002526,0.010750,0.000722,0.001000
1.000000,0.033587,0.005374,0.005540,0.007893,0.005861,0.012007,0.008199,-0.002477,0.011154,0.001492,0.001000
1.000000,-0.026868,-0.000891,0.004101,0.006677,0.004113,0.011066,0.010170,-0.002727,0.012281,0.000525,0.001000
1.000000,-0.009419,-0.004015,0.001544,0.003718,0.003165,0.010223,0.015751,-0.003561,0.016398,-0.003877,0.001000
1.000000,0.021401,-0.000176,0.003593,0.004739,0.004311,0.010929,0.014990,-0.003528,0.015872,-0.003400,0.001000
1.000000,-0.037299,-0.003720,-0.003110,0.001605,0.002900,0.013314,0.012373,-0.003471,0.013546,-0.000477,0.001000
1.000000,-0.037793,-0.017996,-0.006311,-0.000872,0.001674,0.013526,0.012916,-0.003270,0.013402,-0.000962,0.001000
1.000000,-0.020659,-0.016754,-0.008822,-0.001246,0.000753,0.011864,0.015297,-0.003401,0.014149,-0.000127,0.001000
1.000000,0.007737,-0.013323,-0.008669,-0.001401,0.002224,0.011091,0.015477,-0.002981,0.013598,-0.000003,0.001000
1.000000,0.056650,-0.006273,-0.003225,0.000595,0.003924,0.012998,0.014885,-0.004232,0.012318,0.004210,0.001000
1.000000,-0.008686,-0.000550,-0.002135,0.000046,0.003926,0.012571,0.014447,-0.003173,0.013116,0.001983,0.001000
1.000000,-0.005063,0.005996,-0.006000,-0.000230,0.003262,0.012382,0.012559,-0.006686,0.007371,0.002764,0.001000
1.000000,0.019196,0.013967,-0.001394,0.001354,0.003987,0.011966,0.013023,-0.005193,0.008170,0.002069,0.001000
1.000000,-0.028934,0.006633,-0.003345,-0.000901,0.001363,0.012148,0.011015,-0.008921,0.002470,0.008835,0.001000
1.000000,0.007891,-0.003119,-0.004696,-0.000552,0.001594,0.011398,0.010365,-0.008705,0.001613,0.007058,0.001000
1.000000,0.027811,0.004180,0.001815,-0.000648,0.001675,0.011131,0.011500,-0.007665,0.003058,0.005234,0.001000
1.000000,-0.003152,0.004562,0.005279,-0.000516,0.001178,0.011129,0.011449,-0.007979,0.004509,0.003708,0.001000
1.000000,0.038058,0.008335,0.011151,0.001164,0.002886,0.011141,0.010707,-0.005123,0.009165,0.000634,0.001000
1.000000,0.003468,0.014815,0.010724,0.001027,0.002640,0.011287,0.010675,-0.005784,0.009109,0.000754,0.001000
1.000000,0.010760,0.015389,0.006135,0.001455,0.002442,0.010813,0.010987,-0.004747,0.008623,-0.000585,0.001000
1.000000,0.008101,0.011447,0.007813,0.002839,0.002635,0.011002,0.011097,-0.004253,0.009825,-0.000691,0.001000
1.000000,-0.006817,0.010714,0.007638,0.000819,0.002393,0.010850,0.012316,-0.004274,0.009444,0.001759,0.001000
1.000000,0.008090,0.004720,0.006527,0.002567,0.003078,0.011135,0.009935,-0.004419,0.008867,0.002133,0.001000
1.000000,-0.015816,0.000864,0.007839,0.002247,0.002013,0.011700,0.007235,-0.006562,0.005865,0.002088,0.001000
1.000000,0.020470,0.002806,0.009097,0.002201,0.002665,0.011874,0.007547,-0.005974,0.005873,0.004681,0.001000
1.000000,-0.000845,0.001017,0.006232,0.004023,0.001645,0.012013,0.007797,-0.005704,0.006795,0.003777,0.001000
1.000000,0.002953,0.002971,0.006842,0.006061,0.001937,0.012210,0.007709,-0.006068,0.006815,0.004100,0.001000
1.000000,-0.015708,-0.001789,0.001466,0.006308,0.001265,0.012926,0.006413,-0.006500,0.006707,0.006579,0.001000
1.000000,0.001283,0.001631,0.001247,0.005985,0.001101,0.012936,0.006414,-0.006506,0.006675,0.006581,0.001000
1.000000,-0.002996,-0.003063,-0.000129,0.003003,0.000927,0.012930,0.006517,-0.006552,0.006134,0.005252,0.001000
1.000000,0.008111,-0.001271,-0.000127,0.003843,0.001850,0.012862,0.006955,-0.006580,0.006442,0.004758,0.001000
1.000000,-0.011546,-0.004171,-0.000600,0.003519,0.000346,0.012892,0.006705,-0.006567,0.006274,0.005212,0.001000
1.000000,0.000000,-0.001030,-0.001409,0.002559,0.001241,0.012677,0.006703,-0.004998,0.006940,0.005087,0.001000
1.000000,-0.007339,-0.002754,-0.000562,0.003639,0.001311,0.012149,0.007395,-0.004609,0.006900,0.004296,0.001000
1.000000,0.019735,0.001792,-0.000635,0.004231,0.001255,0.012175,0.007993,-0.003953,0.007147,0.003287,0.001000
1.000000,-0.011536,-0.002137,-0.001704,0.002264,0.002114,0.012120,0.008397,-0.004659,0.006429,0.002593,0.001000
1.000000,0.022521,0.004676,0.000252,0.003547,0.004125,0.012365,0.007716,-0.004790,0.006212,0.002209,0.001000
1.000000,0.000420,0.004760,0.001865,0.001665,0.004827,0.012622,0.007554,-0.004983,0.006364,0.002144,0.001000
1.000000,0.006697,0.007567,0.002407,0.001827,0.004792,0.011835,0.006665,-0.003455,0.005896,0.000853,0.001000
1.000000,-0.001252,0.003370,0.002581,0.001226,0.002862,0.013494,0.006878,-0.005380,0.009545,0.004547,0.001000
1.000000,-0.001254,0.005426,0.001645,0.000759,0.003110,0.013663,0.006074,-0.005525,0.009903,0.004145,0.001000
1.000000,0.000418,0.001006,0.002841,0.001120,0.003293,0.013300,0.005663,-0.004706,0.009731,0.004302,0.001000
1.000000,0.010811,0.003084,0.003922,0.001256,0.003013,0.013395,0.004910,-0.004549,0.009479,0.004454,0.001000
1.000000,0.000827,0.001910,0.004739,0.002088,0.004005,0.012233,0.003912,-0.003126,0.008947,0.004882,0.001000
1.000000,-0.004971,0.001166,0.002268,0.000816,0.003577,0.012432,0.003662,-0.002538,0.009538,0.004632,0.001000
1.000000,-0.005831,0.000251,0.002839,0.000567,0.002455,0.012249,0.003995,-0.001403,0.009903,0.005076,0.001000
1.000000,0.002086,0.000584,0.000795,0.000524,0.002630,0.012197,0.003725,-0.001230,0.009894,0.005030,0.001000
1.000000,-0.018511,-0.005280,-0.001098,0.000384,0.000744,0.012142,0.004531,-0.002825,0.008094,0.005288,0.001000
1.000000,0.006349,-0.004176,-0.001133,0.000637,0.000840,0.012038,0.004260,-0.002288,0.008160,0.005309,0.001000
1.000000,-0.005500,-0.004281,-0.001558,0.000512,0.000298,0.011788,0.004281,-0.001037,0.009022,0.004459,0.001000
1.000000,0.000424,-0.003030,-0.001390,0.000127,0.000042,0.011636,0.004448,-0.001113,0.008734,0.004153,0.001000
1.000000,0.001271,-0.003193,-0.001304,0.000768,0.000312,0.011346,0.005106,-0.000519,0.008787,0.003172,0.001000
1.000000,0.007595,0.002028,-0.001626,0.001148,0.000296,0.011546,0.005368,0.000465,0.011178,0.002979,0.001000
1.000000,-0.006748,-0.000592,-0.002384,0.001178,0.000598,0.011420,0.004946,0.000960,0.011023,0.003043,0.001000
1.000000,0.008428,0.002194,-0.001044,0.000612,0.000196,0.011373,0.005059,0.001023,0.010957,0.002914,0.001000
1.000000,0.011681,0.004446,0.000708,0.001773,0.000614,0.011721,0.006275,0.001008,0.009107,-0.001523,0.001000
1.000000,0.002486,0.004688,0.000748,0.000771,0.000598,0.012252,0.006429,0.000660,0.010020,-0.000891,0.001000
1.000000,-0.006225,0.001924,0.001976,0.000439,0.000914,0.011959,0.006236,0.001089,0.009183,-0.001174,0.001000
1.000000,-0.030004,-0.002727,-0.001659,-0.001396,-0.000128,0.011805,0.006098,0.001435,0.009124,-0.001654,0.001000
1.000000,0.008118,-0.002789,-0.000297,-0.000928,0.000242,0.011436,0.006457,0.001948,0.009158,-0.002024,0.001000
1.000000,-0.027612,-0.010648,-0.003101,-0.002245,-0.000949,0.011954,0.006365,0.003735,0.011959,0.000812,0.001000
1.000000,-0.019881,-0.015121,-0.005216,-0.003260,-0.001227,0.011740,0.005170,0.005264,0.012403,0.000768,0.001000
1.000000,0.022066,-0.009463,-0.003769,-0.002698,-0.000491,0.012347,0.002814,0.006080,0.012079,0.000578,0.001000
1.000000,-0.000437,-0.003549,-0.003138,-0.002761,-0.000261,0.012326,0.002687,0.006095,0.012192,0.000610,0.001000
1.000000,0.033916,0.001611,-0.000589,-0.000816,0.000212,0.012101,0.003840,0.005656,0.013043,0.003013,0.001000
1.000000,-0.017888,0.003555,-0.003546,-0.001419,0.000000,0.012193,0.004181,0.006153,0.013937,0.002867,0.001000
1.000000,0.019996,0.011531,-0.001795,-0.000524,-0.000084,0.011664,0.002510,0.004175,0.014688,0.007525,0.001000
1.000000,0.011309,0.009379,-0.000042,0.000967,0.000279,0.015242,-0.002430,0.006633,0.009636,0.000188,0.001000
1.000000,-0.003338,0.008799,0.002625,0.000483,-0.000056,0.017332,-0.003436,0.007587,0.009212,-0.002899,0.001000
1.000000,0.013696,0.004755,0.003183,0.001443,0.000443,0.013412,-0.002758,0.004107,0.006878,0.000610,0.001000
1.000000,0.020804,0.012494,0.008024,0.002462,0.001178,0.013824,-0.002891,0.002843,0.006621,0.001251,0.001000
1.000000,0.007241,0.009942,0.010737,0.002760,0.001405,0.013860,-0.002640,0.003258,0.006562,0.001035,0.001000
1.000000,-0.012097,0.005261,0.007320,0.001776,0.000642,0.013775,-0.002415,0.003348,0.006068,0.000437,0.001000
1.000000,0.020876,0.010104,0.009452,0.003157,0.001310,0.013741,-0.000978,0.003661,0.006709,-0.000761,0.001000
1.000000,-0.006377,0.006089,0.005422,0.002417,0.001263,0.014771,0.000258,0.004232,0.008379,-0.000547,0.001000
1.000000,-0.003605,0.001207,0.006851,0.001652,0.001337,0.014627,-0.001384,0.003342,0.006435,-0.000238,0.001000
1.000000,0.008790,0.001517,0.005730,0.001967,0.001561,0.014704,-0.000415,0.004220,0.006504,0.000122,0.001000
1.000000,0.000000,0.003937,0.004599,0.002279,0.002178,0.013240,0.002092,0.000968,0.002159,0.000642,0.001000
1.000000,-0.008388,-0.001916,0.004094,0.003359,0.001687,0.013487,0.001895,0.001153,0.002493,0.000726,0.001000
1.000000,0.013942,0.002148,0.004118,0.003651,0.002335,0.013739,0.001781,0.001404,0.002429,0.000265,0.001000
1.000000,-0.019573,-0.001046,0.000081,0.004053,0.001668,0.013757,0.001959,0.001225,0.002201,0.000311,0.001000
1.000000,-0.002828,-0.003370,-0.000926,0.004905,0.001531,0.013700,0.001692,0.001074,0.001583,-0.000009,0.001000
1.000000,-0.023742,-0.008118,-0.002091,0.002615,0.000487,0.013464,0.003290,0.002463,0.001503,-0.000950,0.001000
1.000000,-0.009155,-0.008271,-0.005094,0.002179,0.000407,0.012889,0.004228,0.001401,0.001500,-0.000141,0.001000
1.000000,-0.007975,-0.012655,-0.005254,0.000084,-0.000140,0.012495,0.003789,0.001073,0.000173,0.000194,0.001000
1.000000,0.000000,-0.008740,-0.004893,0.000979,-0.000530,0.012133,0.004279,0.000755,0.000294,0.000964,0.001000
1.000000,0.010897,-0.005995,-0.004682,0.000524,-0.000249,0.012142,0.004441,0.001162,0.000492,0.001290,0.001000
1.000000,-0.017662,-0.004779,-0.006449,-0.000925,-0.000630,0.011930,0.006095,0.001381,0.001326,0.000046,0.001000
1.000000,0.002965,-0.002355,-0.005313,-0.000610,0.000469,0.011872,0.006327,0.001352,0.001522,0.000088,0.001000
1.000000,0.019272,0.003094,-0.004780,-0.000331,0.000840,0.012545,0.006144,0.001663,0.002826,-0.000390,0.001000
1.000000,-0.038491,-0.004604,-0.006672,-0.003296,0.000478,0.012246,0.008506,0.001381,0.002910,0.000626,0.001000
1.000000,0.036830,0.000583,-0.002706,-0.001816,0.002368,0.013656,0.003507,0.003392,0.004334,0.003002,0.001000
1.000000,-0.000832,0.003949,-0.000415,-0.001253,0.001605,0.013739,0.003270,0.004445,0.003469,0.002096,0.001000
1.000000,-0.025275,-0.001699,-0.002027,-0.003560,0.000777,0.014152,0.003596,0.004864,0.004069,0.000764,0.001000
1.000000,0.008919,-0.003770,-0.000338,-0.002796,-0.000056,0.014119,0.003710,0.004616,0.004765,0.001066,0.001000
1.000000,-0.024397,-0.000951,-0.002777,-0.003835,-0.000273,0.014285,0.004618,0.004582,0.006802,0.002791,0.001000
1.000000,-0.006957,-0.009708,-0.004563,-0.004623,-0.001172,0.014177,0.005179,0.005393,0.007550,0.003225,0.001000
1.000000,-0.009645,-0.011471,-0.003761,-0.005105,-0.001870,0.014190,0.005577,0.005205,0.006705,0.001860,0.001000
1.000000,0.007898,-0.004836,-0.003268,-0.004290,-0.001496,0.013763,0.006571,0.004593,0.006801,0.002366,0.001000
1.000000,0.001310,-0.006358,-0.005064,-0.004922,-0.001909,0.010997,0.008315,0.003727,0.007165,0.004694,0.001000
1.000000,0.005224,-0.000434,-0.000692,-0.003682,-0.002428,0.010788,0.009760,0.003772,0.007351,0.005482,0.001000
1.000000,0.022753,0.005508,-0.002100,-0.002403,-0.001911,0.011090,0.007260,0.002413,0.007430,0.005550,0.001000
1.000000,0.021831,0.011803,0.000166,-0.000124,-0.000780,0.010698,0.008355,0.002663,0.007505,0.005295,0.001000
1.000000,0.031878,0.016599,0.005882,0.001927,-0.000413,0.010157,0.010130,0.002354,0.007712,0.005288,0.001000
1.000000,-0.001207,0.016096,0.004869,0.002266,-0.000241,0.010131,0.009798,0.000671,0.007848,0.006277,0.001000
1.000000,-0.001612,0.014729,0.007147,0.002185,-0.000174,0.010046,0.009966,0.000525,0.007890,0.006130,0.001000
1.000000,-0.013810,0.007416,0.006462,0.000950,-0.000928,0.010016,0.009527,0.001553,0.005935,0.004980,0.001000
1.000000,0.018639,0.006778,0.009290,0.002765,-0.000306,0.010438,0.009191,0.002353,0.006726,0.003538,0.001000
1.000000,0.011971,0.002796,0.009698,0.003215,0.000372,0.010322,0.009409,0.002368,0.006674,0.003432,0.001000
1.000000,-0.020842,-0.001131,0.007482,0.001209,-0.000787,0.009477,0.010094,0.003066,0.005909,0.001559,0.001000
1.000000,0.044751,0.008142,0.011435,0.005371,0.001357,0.010134,0.010850,0.003516,0.009931,0.003318,0.001000
1.000000,0.003094,0.011523,0.009469,0.003685,0.001554,0.010174,0.010777,0.003467,0.010053,0.003457,0.001000
1.000000,0.006926,0.009180,0.007979,0.004072,0.002577,0.010095,0.011104,0.002712,0.009994,0.004720,0.001000
1.000000,-0.006540,0.005478,0.004137,0.005009,0.002664,0.010081,0.011052,0.002510,0.010217,0.004692,0.001000
1.000000,0.014560,0.012558,0.005714,0.005291,0.003415,0.010529,0.010620,0.003285,0.010671,0.003095,0.001000
1.000000,-0.055124,-0.007417,0.000362,0.003755,0.001577,0.011862,0.011486,0.004058,0.015263,-0.003458,0.001000
1.000000,0.026573,-0.002721,0.004401,0.005431,0.002100,0.012301,0.010792,0.007492,0.016668,-0.005252,0.001000
1.000000,0.003906,-0.003325,0.002927,0.006109,0.002819,0.012387,0.010876,0.006917,0.017348,-0.004580,0.001000
1.000000,0.013553,0.000694,0.003086,0.006392,0.003172,0.012657,0.010717,0.006634,0.017764,-0.003892,0.001000
1.000000,0.001921,-0.001834,0.005362,0.006422,0.002594,0.012880,0.010448,0.006404,0.017921,-0.003544,0.001000
1.000000,-0.000384,0.009114,0.000848,0.006142,0.003864,0.009276,0.011907,0.005556,0.014647,-0.005149,0.001000
1.000000,-0.008484,0.002102,-0.000309,0.004580,0.002353,0.009317,0.010989,0.003415,0.014856,-0.003292,0.001000
1.000000,0.012317,0.003785,0.000230,0.004104,0.002792,0.009218,0.010636,0.003864,0.014523,-0.003809,0.001000
1.000000,-0.028324,-0.004591,-0.001949,0.001094,0.002690,0.009203,0.011263,0.004089,0.014698,-0.003935,0.001000
1.000000,0.011737,-0.002628,-0.002231,0.001741,0.002784,0.010041,0.009849,0.005485,0.014047,-0.006636,0.001000
1.000000,-0.009771,-0.004505,0.002304,0.001333,0.003271,0.010170,0.009779,0.005298,0.013727,-0.006419,0.001000
1.000000,-0.001966,-0.003201,-0.000549,0.001926,0.003438,0.009262,0.009781,0.005884,0.013561,-0.007707,0.001000
1.000000,-0.008696,-0.007404,-0.001810,0.000559,0.003469,0.009309,0.009827,0.005845,0.013641,-0.007619,0.001000
1.000000,0.013015,0.000864,-0.001863,0.000611,0.003640,0.009129,0.010008,0.005784,0.013934,-0.007791,0.001000
1.000000,0.012461,0.001009,-0.000809,0.002276,0.004012,0.010987,0.009604,0.008272,0.015093,-0.009907,0.001000
1.000000,-0.014030,0.000157,-0.002174,-0.000663,0.003370,0.010576,0.010035,0.008755,0.015642,-0.009274,0.001000
1.000000,-0.005510,-0.000552,-0.001877,-0.001093,0.002428,0.010048,0.009777,0.009518,0.015848,-0.012100,0.001000
1.000000,0.007078,0.002603,-0.002400,-0.001085,0.001936,0.010050,0.009985,0.008944,0.015094,-0.012374,0.001000
1.000000,0.008584,0.001717,0.001290,-0.000329,0.001160,0.009600,0.010049,0.008845,0.015290,-0.012254,0.001000
1.000000,-0.020012,-0.004778,-0.001885,-0.002058,0.000533,0.010234,0.009965,0.008948,0.015415,-0.012072,0.001000
1.000000,0.010645,0.000157,0.000157,0.001231,0.000941,0.010011,0.010218,0.008226,0.015770,-0.011305,0.001000
1.000000,0.010921,0.003443,0.001446,0.000448,0.001766,0.009085,0.010335,0.008095,0.015407,-0.011788,0.001000
1.000000,-0.003108,0.001406,0.002004,0.000097,0.001041,0.008995,0.010373,0.008159,0.015476,-0.011863,0.002000
1.000000,0.000000,-0.000311,0.000703,-0.000580,0.000642,0.008947,0.010268,0.008292,0.015970,-0.011590,0.002000
1.000000,-0.004289,0.002834,-0.000972,-0.000891,0.001193,0.008758,0.009646,0.006775,0.016106,-0.009709,0.002000
1.000000,-0.007452,-0.000786,-0.000314,-0.001244,-0.000547,0.008149,0.009512,0.007037,0.015957,-0.010220,0.002000
1.000000,-0.011483,-0.005267,-0.000912,-0.001394,-0.001033,0.008415,0.009494,0.007175,0.017116,-0.009419,0.002000
1.000000,0.016980,-0.001249,0.000078,-0.001161,-0.000697,0.008094,0.009537,0.006392,0.017590,-0.008587,0.002000
1.000000,-0.009046,-0.003058,-0.001685,-0.000197,-0.000781,0.007869,0.009549,0.006451,0.017312,-0.009061,0.002000
1.000000,-0.034160,-0.009033,-0.003099,-0.002492,-0.002405,0.008157,0.009794,0.007673,0.017704,-0.009500,0.002000
1.000000,0.025032,-0.002536,-0.001661,-0.000752,0.000267,0.008020,0.010142,0.007626,0.016796,-0.010411,0.002000
1.000000,-0.025850,-0.005409,-0.005338,-0.001946,-0.001481,0.008062,0.010114,0.008748,0.015481,-0.013269,0.002000
1.000000,-0.016502,-0.012105,-0.006677,-0.002336,-0.002161,0.007883,0.010187,0.008192,0.015642,-0.012263,0.002000
1.000000,-0.023144,-0.014925,-0.008992,-0.004144,-0.003384,0.008164,0.010392,0.008256,0.016050,-0.011928,0.002000
1.000000,0.005096,-0.007074,-0.008053,-0.004513,-0.003278,0.008044,0.010415,0.008182,0.015865,-0.011711,0.002000
1.000000,-0.013646,-0.014809,-0.008673,-0.004493,-0.003720,0.007663,0.009649,0.009053,0.014570,-0.012691,0.002000
1.000000,0.000858,-0.009468,-0.007438,-0.004175,-0.003409,0.007544,0.010774,0.008373,0.013212,-0.015663,0.002000
1.000000,0.019962,-0.002175,-0.007140,-0.003531,-0.003154,0.008125,0.011157,0.008078,0.013395,-0.015544,0.002000
1.000000,0.012952,0.005044,-0.004940,-0.003312,-0.001778,0.007703,0.010507,0.008821,0.012435,-0.016705,0.002000
1.000000,-0.000415,0.003942,-0.001566,-0.002333,-0.002183,0.007596,0.010665,0.008216,0.012670,-0.015977,0.002000
1.000000,-0.023105,0.002050,-0.006379,-0.004020,-0.002628,0.007424,0.010550,0.008860,0.010945,-0.017285,0.002000
1.000000,0.009727,0.003824,-0.002822,-0.004080,-0.002238,0.007064,0.010825,0.008572,0.010926,-0.017193,0.002000
1.000000,-0.009302,-0.002029,-0.002102,-0.004389,-0.002258,0.007200,0.010947,0.008238,0.010632,-0.016868,0.002000
1.000000,0.000000,-0.004619,0.000213,-0.004389,-0.002692,0.007260,0.010552,0.008014,0.010050,-0.016528,0.002000
1.000000,0.002122,-0.004112,-0.000085,-0.004069,-0.003037,0.009648,0.009785,0.007917,0.009776,-0.017542,0.002000
1.000000,-0.002122,0.000085,0.001068,-0.003802,-0.002640,0.009158,0.009659,0.008814,0.009280,-0.019345,0.002000
1.000000,0.000000,-0.001860,0.000982,-0.003228,-0.002456,0.008889,0.009371,0.008972,0.009406,-0.019861,0.002000
1.000000,-0.001701,-0.000340,-0.001184,-0.004162,-0.002749,0.008976,0.009325,0.008652,0.009547,-0.019522,0.002000
1.000000,0.002550,0.000170,-0.002225,-0.003582,-0.002950,0.009046,0.008618,0.008879,0.009530,-0.019596,0.002000
1.000000,0.008874,0.001520,-0.001296,-0.001431,-0.001987,0.008637,0.009260,0.009848,0.009594,-0.020031,0.002000
1.000000,0.004198,0.002784,0.001435,-0.002472,-0.002202,0.008078,0.009762,0.009942,0.010145,-0.020065,0.002000
1.000000,-0.007992,0.001186,-0.000337,-0.001580,-0.002832,0.007383,0.011307,0.008400,0.013414,-0.017239,0.002000
1.000000,0.014672,0.004461,0.002060,-0.000021,-0.002240,0.007558,0.011467,0.007684,0.013885,-0.015911,0.002000
1.000000,-0.010038,0.001943,0.001056,0.000635,-0.002574,0.008501,0.010926,0.007157,0.013896,-0.015131,0.002000
1.000000,0.004195,0.001007,0.001264,0.000589,-0.002291,0.010030,0.010203,0.006293,0.014194,-0.013378,0.002000
1.000000,0.012893,0.002746,0.002765,0.001916,-0.001613,0.010758,0.007746,0.006261,0.008791,-0.016467,0.002000
1.000000,-0.009132,0.002518,0.001852,0.001417,-0.001535,0.011054,0.007682,0.005709,0.008320,-0.015666,0.002000
1.000000,0.064591,0.012502,0.008481,0.003648,0.000052,0.010973,0.002988,0.011026,0.000065,-0.028299,0.002000
1.000000,0.040978,0.022705,0.012324,0.005050,0.001720,0.011521,0.003488,0.007877,0.002485,-0.025375,0.002000
1.000000,-0.020088,0.017848,0.009428,0.004066,0.002189,0.012157,0.002163,0.008450,0.003600,-0.024787,0.002000
1.000000,-0.024807,0.010308,0.006527,0.003981,0.000527,0.009879,0.003127,0.007409,-0.000306,-0.012760,0.002000
1.000000,0.055347,0.023204,0.012861,0.006262,0.003234,0.017390,0.001850,0.001358,-0.005037,-0.012194,0.001000
1.000000,0.063308,0.022948,0.017725,0.009892,0.005894,0.015908,0.003369,-0.001026,0.002143,-0.017069,0.001000
1.000000,-0.031513,0.008449,0.015577,0.008317,0.005615,0.016161,0.003857,-0.001852,0.002844,-0.016265,0.001000
1.000000,-0.024027,0.007661,0.012755,0.007009,0.004645,0.017018,0.004204,-0.001839,0.003363,-0.017638,0.001000
1.000000,0.013541,0.015331,0.012820,0.007792,0.005551,0.021747,0.002436,0.000138,0.009995,-0.022204,0.001000
1.000000,0.009407,0.006143,0.014674,0.008263,0.005836,0.020398,0.004171,0.001461,0.009507,-0.022901,0.001000
1.000000,0.000360,-0.006446,0.008251,0.008366,0.005182,0.019851,0.004198,0.001133,0.008268,-0.022659,0.001000
1.000000,-0.008314,-0.001807,0.003321,0.007823,0.004474,0.018918,0.003180,0.001880,0.007094,-0.022125,0.001000
1.000000,0.007233,0.004445,0.006053,0.007741,0.004728,0.018468,0.003555,0.001802,0.006841,-0.021665,0.001000
1.000000,0.007181,0.003174,0.009252,0.007890,0.005738,0.017852,0.003890,0.002476,0.007789,-0.022747,0.001000
1.000000,0.021590,0.005610,0.005877,0.009369,0.006133,0.018682,0.004525,0.000894,0.008321,-0.019276,0.001000
1.000000,0.000350,0.005608,-0.000419,0.008653,0.006455,0.018802,0.004275,0.000544,0.008341,-0.018498,0.001000
1.000000,0.014939,0.010259,0.004226,0.009902,0.006953,0.017697,0.005163,0.000040,0.007999,-0.017604,0.001000
1.000000,-0.000345,0.008743,0.006594,0.009675,0.006871,0.017292,0.005073,-0.000711,0.007094,-0.016974,0.001000
1.000000,0.001379,0.007583,0.005378,0.009099,0.006988,0.012981,0.004718,-0.001046,0.008628,-0.009393,0.001000
1.000000,-0.018777,-0.000491,0.002560,0.008617,0.006362,0.011753,0.005644,-0.000295,0.008329,-0.009082,0.001000
1.000000,0.019465,0.003332,0.004470,0.006360,0.007067,0.010126,0.006890,0.000786,0.008607,-0.007995,0.001000
1.000000,-0.006908,-0.001037,0.004611,0.003966,0.006752,0.010377,0.006680,0.000774,0.009070,-0.007516,0.001000
1.000000,0.014111,0.001854,0.005299,0.005676,0.006927,0.007997,0.007799,0.001158,0.007982,-0.007591,0.001000
1.000000,-0.002053,0.001168,0.004375,0.006814,0.006718,0.007669,0.007840,0.000908,0.007140,-0.008214,0.001000
1.000000,0.015631,0.008049,0.003779,0.004828,0.007506,0.009320,0.007621,-0.000126,0.007534,-0.008272,0.001000
1.000000,-0.000675,0.004021,0.003677,0.001629,0.006994,0.010317,0.006923,-0.001280,0.007128,-0.007020,0.001000
1.000000,-0.003380,0.004727,0.001845,0.003035,0.007216,0.011339,0.007072,-0.001822,0.006504,-0.007716,0.001000
1.000000,-0.011919,-0.000479,0.000688,0.003641,0.006679,0.011325,0.007556,-0.001581,0.007187,-0.008021,0.003000
1.000000,0.003079,0.000547,0.000857,0.003118,0.006352,0.011839,0.006796,-0.001757,0.006317,-0.008193,0.003000
1.000000,-0.013063,-0.005192,0.001429,0.001994,0.006221,0.012091,0.006992,-0.002783,0.005427,-0.009415,0.003000
1.000000,0.019870,-0.001083,0.001469,0.002970,0.004730,0.011802,0.007027,-0.002815,0.004997,-0.008073,0.003000
1.000000,-0.015382,-0.003483,0.000622,0.002616,0.002851,0.012447,0.006454,-0.001916,0.005829,-0.007902,0.003000
1.000000,0.003095,-0.000480,-0.000480,0.002409,0.003624,0.013225,0.004967,-0.004593,0.003581,-0.008061,0.003000
1.000000,0.020395,0.002983,0.001765,0.003070,0.005131,0.011961,0.005870,-0.003543,0.005428,-0.006671,0.003000
1.000000,-0.015257,0.002544,-0.001324,0.001228,0.002777,0.011971,0.005235,-0.004422,0.007428,-0.001763,0.003000
1.000000,-0.009267,-0.003283,-0.002183,0.000747,0.000358,0.012386,0.005439,-0.003447,0.007889,-0.002714,0.003000
1.000000,0.017094,0.003212,-0.000136,0.000855,0.001978,0.011511,0.004970,-0.003163,0.006696,-0.002041,0.003000
1.000000,-0.004757,0.001642,0.000581,0.000634,0.002621,0.012153,0.004474,-0.003205,0.006333,-0.002546,0.003000
1.000000,0.003061,-0.001825,0.000579,0.000718,0.002271,0.011843,0.004273,-0.003097,0.006765,-0.001842,0.003000
1.000000,0.000679,0.001362,0.001953,0.001691,0.001981,0.010418,0.004300,-0.002988,0.005133,0.000281,0.003000
1.000000,-0.001698,0.002876,-0.000204,0.000633,0.001912,0.009817,0.004377,-0.003455,0.004922,0.001215,0.003000
1.000000,0.000000,-0.000543,0.001334,0.000978,0.002189,0.008516,0.005502,-0.004857,0.004678,0.002054,0.003000
1.000000,-0.005795,-0.000751,0.000445,-0.000017,0.001755,0.008046,0.005596,-0.004409,0.005650,0.001197,0.003000
1.000000,0.019300,0.002497,0.000336,0.001051,0.002159,0.006824,0.005948,-0.003641,0.008060,0.001790,0.003000
1.000000,-0.001342,0.002093,0.001727,0.000202,0.001394,0.006498,0.005735,-0.002739,0.008496,0.002575,0.003000
1.000000,-0.010464,0.000340,0.001608,-0.000288,0.001034,0.006472,0.006132,-0.001836,0.009330,0.001744,0.003000
1.000000,0.014486,0.003237,0.001347,0.000606,0.001019,0.006552,0.006357,-0.001657,0.008967,0.000462,0.003000
1.000000,-0.004021,0.003591,0.001420,0.001001,0.000896,0.006115,0.006697,-0.001602,0.007865,0.001101,0.003000
1.000000,0.003018,0.000335,0.001416,0.000997,0.000951,0.005966,0.006558,-0.001444,0.007729,0.001294,0.003000
1.000000,-0.004698,-0.000336,0.000878,0.001416,0.001420,0.005738,0.006468,-0.001756,0.007302,0.002654,0.003000
1.000000,0.004028,0.002562,0.001451,0.000624,0.000906,0.005999,0.006371,-0.001961,0.007785,0.002347,0.003000
1.000000,0.002342,0.000134,0.001685,0.001510,0.001214,0.006225,0.006587,-0.002138,0.007438,0.002287,0.003000
1.000000,0.000668,0.001072,0.002332,0.001389,0.000766,0.006132,0.006191,-0.001593,0.007039,0.002461,0.003000
1.000000,0.003334,0.001135,0.000735,0.000535,0.000945,0.006200,0.006161,-0.001543,0.007217,0.002274,0.003000
1.000000,0.010925,0.004260,0.001962,0.001845,0.000789,0.005949,0.005597,-0.001270,0.005136,0.002052,0.003000
1.000000,0.000329,0.003520,0.003041,0.002324,0.000822,0.005430,0.005693,-0.000949,0.004764,0.001969,0.003000
1.000000,0.006562,0.004364,0.002249,0.001798,0.001153,0.005290,0.005621,-0.000445,0.005379,0.001597,0.003000
1.000000,-0.002292,0.003772,0.002422,0.001921,0.001474,0.005499,0.005521,-0.000474,0.005836,0.001695,0.003000
1.000000,-0.026907,-0.002277,-0.000571,0.000423,0.000475,0.008168,0.005185,-0.000630,0.005318,-0.000674,0.003000
1.000000,0.012048,-0.002052,0.001104,0.000991,0.001312,0.008560,0.004822,0.000047,0.006213,-0.001859,0.003000
1.000000,-0.012722,-0.004662,-0.000571,0.000440,0.000225,0.008288,0.009813,-0.005663,0.010958,0.003051,0.003000
1.000000,0.011390,-0.003696,0.000334,0.001009,0.001118,0.005696,0.010259,-0.001782,0.008395,0.001745,0.003000
1.000000,0.015207,-0.000197,0.001788,0.002060,0.001522,0.003811,0.012438,-0.001767,0.004236,0.001079,0.003000
1.000000,0.001311,0.005447,0.001585,0.001160,0.000885,0.003730,0.011461,-0.000884,0.003970,0.000576,0.003000
1.000000,-0.009547,0.001128,-0.000462,0.000750,0.001076,-0.001747,0.013563,-0.001088,0.004021,-0.001382,0.003000
1.000000,0.007908,0.005254,0.000296,0.001668,0.001648,-0.001291,0.013869,0.001879,-0.002143,-0.000769,0.003000
1.000000,-0.008901,0.001196,-0.001250,0.000499,0.000782,-0.001395,0.013158,0.003290,-0.003092,-0.001777,0.003000
1.000000,-0.001657,-0.002177,-0.001187,0.000617,0.000885,-0.002159,0.012706,0.003884,-0.004100,-0.001842,0.003000
1.000000,0.013507,0.000262,0.002854,0.001142,0.001233,-0.001654,0.012904,0.003103,-0.003845,-0.001061,0.003000
1.000000,0.014618,0.005095,0.003111,0.002108,0.001698,-0.001556,0.013215,0.002805,-0.004502,-0.000141,0.003000
1.000000,-0.006795,0.002154,0.003704,0.001566,0.001528,-0.001462,0.013675,0.002772,-0.003273,-0.000022,0.003000
1.000000,-0.001300,0.003675,0.002435,0.001384,0.001485,-0.000590,0.013510,0.002397,-0.001720,0.000020,0.003000
1.000000,0.004217,0.004850,0.001336,0.001562,0.001818,-0.000463,0.013379,0.002701,-0.001203,-0.000446,0.003000
1.000000,0.009344,0.004017,0.002139,0.001862,0.001487,0.000907,0.012576,0.000860,-0.000718,0.000889,0.003000
1.000000,0.026271,0.006348,0.005721,0.002630,0.002407,-0.001106,0.011772,0.005481,-0.000287,-0.001341,0.003000
1.000000,-0.008786,0.005950,0.004052,0.002174,0.002463,-0.001529,0.012079,0.005918,-0.000886,-0.002881,0.003000
1.000000,0.009410,0.008092,0.005883,0.002316,0.002294,-0.000960,0.011150,0.006230,-0.001737,-0.003338,0.003000
1.000000,-0.025294,0.002189,0.003519,0.001166,0.001585,-0.000845,0.011923,0.006317,-0.000889,-0.002248,0.003000
1.000000,0.002878,0.000896,0.002456,0.002655,0.001580,0.000555,0.012784,0.007199,-0.004459,-0.005050,0.003000
1.000000,-0.031790,-0.010716,-0.002184,0.000464,0.000677,0.001112,0.013304,0.007652,-0.000636,-0.005553,0.003000
1.000000,0.002305,-0.008498,-0.001274,0.001215,0.000620,0.001857,0.012680,0.007115,-0.000813,-0.005325,0.003000
1.000000,-0.022951,-0.014971,-0.003439,-0.000502,-0.000224,0.002610,0.012849,0.007309,-0.000060,-0.005334,0.003000
1.000000,0.005704,-0.008771,-0.003291,-0.000977,-0.000056,0.002969,0.012200,0.006889,-0.000935,-0.006365,0.003000
1.000000,-0.003016,-0.009950,-0.004527,-0.001194,-0.000267,0.003514,0.011534,0.007409,-0.000456,-0.006490,0.003000
1.000000,0.065587,0.009526,-0.000595,0.002563,0.001555,0.002427,0.015499,0.003527,-0.003691,-0.003431,0.003000
1.000000,-0.041385,0.000788,-0.003855,0.000098,0.000164,0.002619,0.015696,0.001929,-0.006351,-0.003694,0.003000
1.000000,-0.000328,0.005312,-0.004829,0.000527,-0.000065,0.001793,0.016421,0.002077,-0.005922,-0.003499,0.003000
1.000000,0.011079,0.006387,-0.001192,0.001164,0.000380,0.001335,0.017012,0.001750,-0.005394,-0.003132,0.003000
1.000000,-0.006502,0.005690,-0.002130,0.000163,0.001060,0.001958,0.017219,0.000753,-0.004602,-0.002497,0.003000
1.000000,-0.013463,-0.010120,-0.000297,-0.001241,0.000210,0.001693,0.017550,0.001231,-0.005531,-0.003560,0.003000
1.000000,0.016069,0.001371,0.001079,-0.000097,0.001170,0.001758,0.017131,0.001475,-0.005997,-0.003730,0.004000
1.000000,-0.016399,-0.001843,0.001735,-0.000852,0.000243,0.001222,0.018006,0.000941,-0.005924,-0.002936,0.004000
1.000000,-0.020041,-0.008067,-0.000840,-0.002065,-0.000932,0.001860,0.017972,0.000819,-0.006260,-0.002995,0.004000
1.000000,0.026961,-0.001375,0.002158,-0.001185,-0.000077,0.002819,0.017439,0.001053,-0.006138,-0.004017,0.004000
1.000000,-0.008907,-0.000463,-0.005292,-0.002943,-0.000055,0.002759,0.017697,0.001000,-0.005965,-0.003931,0.004000
1.000000,-0.009321,-0.005541,-0.002085,-0.002970,-0.000629,0.003147,0.016894,0.002068,-0.005309,-0.005220,0.004000
1.000000,0.006002,-0.001061,-0.001452,-0.003141,-0.000133,0.002733,0.017036,0.001701,-0.005419,-0.004885,0.004000
1.000000,-0.013387,0.000270,-0.003899,-0.002545,-0.000524,0.002198,0.017906,0.001110,-0.004811,-0.004466,0.004000
1.000000,0.004706,-0.004181,-0.002778,-0.002454,-0.000817,0.002108,0.018585,0.000912,-0.003680,-0.004679,0.004000
1.000000,0.002345,-0.001931,-0.001197,-0.000747,-0.001226,0.002648,0.019078,0.001316,-0.002666,-0.005141,0.004000
1.000000,0.007001,0.001333,-0.002104,-0.000512,-0.000766,0.002710,0.018558,0.001589,-0.003180,-0.005891,0.004000
1.000000,0.000332,0.000199,-0.000431,0.000652,-0.000712,0.003437,0.017823,0.002163,-0.002881,-0.006328,0.004000
1.000000,0.004969,0.003871,0.002070,0.000615,-0.000687,0.003904,0.017958,0.001721,-0.003413,-0.005426,0.004000
1.000000,-0.016998,-0.000470,-0.002326,-0.000084,-0.001565,0.004117,0.017726,0.001462,-0.003734,-0.004856,0.004000
1.000000,0.001344,-0.000670,-0.001301,-0.003296,-0.002396,0.004236,0.017648,0.001446,-0.003533,-0.004552,0.004000
1.000000,0.015654,0.001060,0.001197,-0.000444,-0.001581,0.004343,0.018175,0.001667,-0.003280,-0.004313,0.004000
1.000000,0.118591,0.024712,0.012456,0.005502,0.002058,0.005511,0.010657,-0.005794,-0.010749,0.005729,0.004000
1.000000,0.000000,0.023718,0.013794,0.004948,0.002901,0.005758,0.010042,-0.005680,-0.010612,0.006244,0.004000
1.000000,-0.008252,0.025467,0.012499,0.004860,0.002530,0.005816,0.010800,-0.005880,-0.009801,0.006059,0.004000
1.000000,-0.020934,0.021012,0.010171,0.004487,0.002892,0.005653,0.011691,-0.006685,-0.009317,0.006838,0.004000
1.000000,0.007527,0.019386,0.010223,0.004060,0.003066,0.006307,0.011318,-0.006278,-0.008694,0.006491,0.004000
1.000000,-0.009342,-0.006200,0.009256,0.004413,0.003520,0.006590,0.010500,-0.005995,-0.009319,0.005983,0.004000
1.000000,-0.005160,-0.007232,0.008243,0.005157,0.003158,0.006356,0.010992,-0.006181,-0.008787,0.005990,0.004000
1.000000,0.018393,-0.001903,0.011782,0.004728,0.003871,0.006350,0.011623,-0.006272,-0.008608,0.006474,0.004000
1.000000,0.011880,0.004660,0.012836,0.005768,0.002081,0.006501,0.012577,-0.006370,-0.006680,0.006335,0.004000
1.000000,0.000590,0.003272,0.011329,0.006263,0.003480,0.006484,0.012614,-0.006308,-0.006659,0.006278,0.004000
1.000000,0.029653,0.011071,0.002436,0.007446,0.004480,0.007819,0.009077,-0.006129,-0.007350,0.007235,0.004000
1.000000,-0.006322,0.010839,0.001803,0.007799,0.003900,0.006687,0.009754,-0.006196,-0.007229,0.007056,0.004000
1.000000,-0.006942,0.005772,0.001934,0.007216,0.003885,0.005277,0.009112,-0.006114,-0.008181,0.007129,0.004000
1.000000,0.012118,0.005819,0.005240,0.007705,0.004738,0.005479,0.009261,-0.006021,-0.007381,0.007403,0.004000
1.000000,0.000287,0.005759,0.004516,0.007369,0.004212,0.008339,0.006079,-0.006370,-0.008258,0.011049,0.004000
1.000000,-0.008927,-0.001957,0.004557,0.006906,0.004461,0.008100,0.005914,-0.006117,-0.009211,0.010773,0.004000
1.000000,-0.006967,-0.002086,0.004376,0.006310,0.004896,0.007615,0.006398,-0.006742,-0.008459,0.011240,0.004000
1.000000,-0.005843,-0.001866,0.001953,0.006867,0.003803,0.007794,0.006299,-0.006866,-0.007919,0.011533,0.004000
1.000000,0.007007,-0.002889,0.001465,0.007151,0.004333,0.008082,0.006159,-0.006879,-0.006907,0.011295,0.004000
1.000000,-0.003790,-0.003704,0.001027,0.006178,0.004518,0.006193,0.007374,-0.006363,-0.006599,0.009323,0.004000
1.000000,-0.005271,-0.002973,-0.002465,-0.000015,0.004142,0.006444,0.007321,-0.006574,-0.005006,0.009783,0.004000
1.000000,0.004979,-0.000583,-0.001335,0.000234,0.004754,0.006537,0.007236,-0.006684,-0.004235,0.009956,0.004000
1.000000,0.000292,0.000644,-0.000611,0.000661,0.004607,0.006587,0.007447,-0.006756,-0.004375,0.009892,0.004000
1.000000,-0.001169,-0.000992,-0.001940,0.001650,0.004490,0.006930,0.005997,-0.005982,-0.005933,0.009765,0.004000
1.000000,0.024265,0.004619,0.000458,0.002487,0.005066,0.006913,0.005993,-0.006756,-0.005819,0.010990,0.004000
1.000000,-0.002000,0.005273,0.001150,0.002854,0.004988,0.006503,0.005896,-0.007234,-0.006990,0.012034,0.004000
1.000000,0.017012,0.007680,0.003548,0.003962,0.005389,0.006507,0.005172,-0.008252,-0.009595,0.014420,0.004000
1.000000,-0.013301,0.004961,0.002802,0.002378,0.005512,0.006440,0.003846,-0.008481,-0.009828,0.014017,0.005000
1.000000,0.013864,0.007968,0.003488,0.002477,0.005930,0.005773,0.004098,-0.011919,-0.010120,0.012193,0.005000
1.000000,-0.020151,-0.000915,0.001852,0.001440,0.004736,0.005188,0.004940,-0.012155,-0.006557,0.012665,0.005000
1.000000,-0.001147,-0.000745,0.002264,-0.000100,0.000745,0.005201,0.004945,-0.010976,-0.006718,0.011139,0.005000
1.000000,-0.016204,-0.007388,0.000146,-0.000594,0.000205,0.005280,0.003598,-0.011422,-0.007627,0.010365,0.005000
1.000000,0.018784,-0.000971,0.001995,0.000692,0.001106,0.006696,0.002670,-0.010477,-0.009210,0.009817,0.005000
1.000000,-0.001432,-0.004030,0.001969,0.000014,0.001756,0.007012,-0.000101,-0.011371,-0.015397,0.012015,0.005000
1.000000,0.007995,0.001599,0.000342,0.000400,0.001772,0.007759,-0.000363,-0.011981,-0.015786,0.012701,0.005000
1.000000,-0.007995,0.000229,-0.000258,0.000446,0.001817,0.006488,-0.000486,-0.012102,-0.016631,0.010716,0.005000
1.000000,0.009984,0.005467,-0.000960,0.001294,0.002321,0.006059,0.000481,-0.012304,-0.016224,0.008762,0.005000
1.000000,-0.001705,0.001369,0.000199,0.001501,0.001651,0.005669,0.001119,-0.012642,-0.015088,0.008210,0.005000
1.000000,0.015517,0.004759,0.000365,0.001926,0.001773,0.007711,-0.005064,-0.009652,-0.010144,0.009936,0.005000
1.000000,0.001399,0.003440,0.002520,0.002186,0.001800,0.008130,-0.004624,-0.008009,-0.005847,0.010998,0.005000
1.000000,-0.010963,0.002847,0.001538,0.001901,0.000446,0.009024,-0.004967,-0.009819,-0.008738,0.010884,0.005000
1.000000,0.046392,0.010128,0.007798,0.003972,0.002203,0.009077,-0.002896,-0.009566,0.000234,0.015463,0.005000
1.000000,0.009934,0.012456,0.006913,0.004454,0.002765,0.009573,-0.002925,-0.010345,0.000369,0.016379,0.005000
1.000000,-0.000267,0.009299,0.007029,0.004499,0.002353,0.010478,-0.003905,-0.011311,0.003186,0.020034,0.005000
1.000000,0.041613,0.017342,0.010391,0.005366,0.003730,0.008368,0.004666,-0.011229,0.000378,0.008916,0.005000
1.000000,-0.003595,0.018815,0.010831,0.005287,0.003908,0.008562,0.003359,-0.011597,0.000262,0.006974,0.005000
1.000000,0.016837,0.012904,0.011516,0.005278,0.004701,0.007703,0.003009,-0.011344,0.000348,0.005756,0.005000
1.000000,0.012819,0.013481,0.012969,0.006584,0.005323,0.007339,0.002442,-0.011010,-0.000417,0.007398,0.004000
1.000000,-0.005510,0.012433,0.010866,0.005615,0.004906,0.007367,0.001732,-0.011043,-0.000950,0.007756,0.004000
1.000000,0.000000,0.004110,0.010726,0.006623,0.005032,0.006962,0.002769,-0.012318,-0.002701,0.008360,0.004000
1.000000,-0.000251,0.004779,0.011797,0.006668,0.005200,0.007343,0.002852,-0.012763,-0.002259,0.008449,0.004000
1.000000,0.006759,0.002764,0.007834,0.007816,0.005259,0.007505,0.002588,-0.012288,-0.001812,0.008793,0.004000
1.000000,0.000000,0.000200,0.006840,0.006877,0.005249,0.007974,0.002281,-0.012755,-0.001328,0.009335,0.004000
1.000000,0.011165,0.003535,0.007984,0.007506,0.005661,0.008094,0.002298,-0.012178,-0.000536,0.009094,0.004000
1.000000,0.003448,0.004224,0.004167,0.007279,0.004967,0.008067,0.002484,-0.012065,-0.000273,0.009399,0.004000
1.000000,-0.005671,0.003140,0.003960,0.007395,0.004844,0.008606,0.002784,-0.011518,-0.001425,0.009168,0.004000
1.000000,-0.002972,0.001194,0.001979,0.006747,0.004178,0.008587,0.002894,-0.011647,-0.001887,0.009240,0.004000
1.000000,0.002477,0.001689,0.000945,0.006957,0.004704,0.008342,0.002182,-0.011738,-0.002483,0.007649,0.004000
1.000000,0.003211,0.000099,0.001817,0.006341,0.004349,0.008187,0.002317,-0.011749,-0.003014,0.007199,0.004000
1.000000,0.024121,0.004233,0.004229,0.007477,0.005825,0.007363,0.003397,-0.012052,-0.001370,0.003738,0.004000
1.000000,-0.005068,0.004354,0.003747,0.007772,0.005694,0.005578,0.010136,-0.001611,0.007678,-0.002485,0.004000
1.000000,-0.010459,0.002856,0.002025,0.004930,0.005886,0.004489,0.011030,-0.002331,0.006044,-0.004224,0.004000
1.000000,-0.003920,0.001577,0.001633,0.004237,0.005129,0.004572,0.010913,-0.002337,0.005685,-0.003470,0.004000
1.000000,0.007337,0.002402,0.001250,0.004617,0.005421,0.004468,0.010031,-0.001086,0.005506,-0.003048,0.004000
1.000000,0.045257,0.006629,0.005431,0.004799,0.006663,0.001327,0.012133,0.000171,0.005990,-0.010362,0.004000
1.000000,0.000233,0.007690,0.006022,0.004991,0.006937,0.001307,0.011671,0.000022,0.005506,-0.010315,0.004000
1.000000,0.027556,0.015293,0.009075,0.005527,0.007523,0.001236,0.011566,-0.000824,0.005134,-0.013476,0.004000
1.000000,-0.011161,0.013844,0.007711,0.004328,0.007208,0.001426,0.011688,-0.001199,0.006114,-0.013096,0.004000
1.000000,0.021526,0.016682,0.009542,0.005679,0.007408,0.001299,0.012718,-0.001605,0.005483,-0.012796,0.004000
1.000000,0.015790,0.010789,0.008709,0.006469,0.007888,0.001816,0.010448,-0.001261,0.005230,-0.012321,0.004000
1.000000,-0.011317,0.008479,0.008084,0.005916,0.007876,0.001011,0.014368,-0.001488,0.004065,-0.015016,0.004000
1.000000,0.012420,0.005452,0.010372,0.006199,0.006744,0.001331,0.013298,-0.002507,0.003494,-0.014470,0.004000
1.000000,0.011178,0.009919,0.011882,0.006758,0.006785,0.001556,0.013868,-0.004221,0.003478,-0.013555,0.004000
1.000000,0.006084,0.006831,0.011757,0.006504,0.006997,0.002157,0.011623,-0.004407,0.005168,-0.012716,0.004000
1.000000,0.000541,0.003781,0.007285,0.006358,0.005628,0.002029,0.011861,-0.003955,0.004159,-0.012922,0.004000
1.000000,-0.015822,0.002880,0.005680,0.005851,0.005220,0.003297,0.011694,-0.005058,0.005317,-0.012410,0.004000
1.000000,-0.011282,-0.001860,0.001796,0.005435,0.004283,0.002727,0.011507,-0.004198,0.004130,-0.013575,0.004000
1.000000,0.012162,-0.001663,0.004128,0.005919,0.004261,0.002230,0.011599,-0.003994,0.003513,-0.014086,0.004000
1.000000,-0.002200,-0.003320,0.001755,0.005649,0.004371,0.002771,0.011279,-0.004359,0.000907,-0.013251,0.004000
1.000000,-0.004636,-0.004356,-0.000287,0.004211,0.004217,0.004766,0.010761,-0.004860,0.001102,-0.012175,0.004000
1.000000,0.021671,0.003143,0.003012,0.005548,0.004948,0.004499,0.010896,-0.004775,0.000746,-0.012284,0.004000
1.000000,-0.006954,0.004009,0.001074,0.005723,0.004491,0.005040,0.010224,-0.004828,0.000920,-0.012801,0.004000
1.000000,0.003917,0.002360,0.000348,0.006115,0.004621,0.005051,0.009861,-0.004834,0.000549,-0.012849,0.004000
1.000000,0.009512,0.004702,0.000691,0.006224,0.004566,0.004444,0.010084,-0.005649,0.000970,-0.011958,0.004000
1.000000,-0.011251,0.003379,-0.000488,0.003398,0.004076,0.004618,0.009912,-0.004406,0.001596,-0.013091,0.004000
1.000000,0.031062,0.005257,0.004200,0.004940,0.005300,0.005814,0.009697,-0.006026,0.001643,-0.013184,0.004000
1.000000,-0.014447,0.003759,0.003884,0.002840,0.004918,0.005396,0.010112,-0.005980,0.000001,-0.013676,0.004000
1.000000,0.010219,0.005019,0.003689,0.003909,0.005176,0.005902,0.010313,-0.005571,0.000207,-0.012474,0.004000
1.000000,-0.003182,0.002480,0.003591,0.002673,0.004963,0.007875,0.009598,-0.002770,0.000944,-0.014386,0.004000
1.000000,-0.002766,0.004177,0.003778,0.001745,0.004067,0.007792,0.009587,-0.002473,-0.000443,-0.014138,0.004000
1.000000,-0.015028,-0.005041,0.000108,0.001560,0.003735,0.007818,0.009970,-0.003276,0.000077,-0.014018,0.004000
1.000000,-0.007382,-0.003628,0.000065,0.000570,0.003837,0.006902,0.010220,-0.002385,0.000747,-0.014715,0.004000
1.000000,-0.003055,-0.006283,-0.000632,-0.000142,0.003866,0.005518,0.010919,-0.003228,0.001315,-0.014395,0.004000
1.000000,0.013245,-0.002997,-0.000259,0.000216,0.004063,0.005758,0.010755,-0.003029,0.001611,-0.014642,0.004000
1.000000,0.007521,-0.000940,0.001619,0.000565,0.002805,0.005801,0.010708,-0.003135,0.001819,-0.014604,0.004000
1.000000,-0.011195,-0.000173,-0.002607,0.000797,0.002424,0.004597,0.011430,-0.003216,0.001533,-0.014981,0.004000
