1.000000,0.012644,0.002340,-0.000603,-0.001377,0.001556,0.008808,0.002961,-0.002660,-0.007242,-0.003903,0.000000
1.000000,0.010646,0.007984,0.000277,-0.000595,0.000729,0.008926,0.003793,-0.003016,-0.005519,-0.001661,0.000000
1.000000,0.004135,0.008428,0.002790,-0.000229,-0.000046,0.008923,0.003776,-0.003024,-0.005401,-0.001580,0.000000
1.000000,0.028477,0.013074,0.005543,0.001522,0.000494,0.008570,0.001737,-0.004957,-0.009212,-0.004745,0.000000
1.000000,0.000000,0.011180,0.005496,0.001631,0.000434,0.008233,0.001407,-0.004033,-0.008547,-0.005572,0.000000
1.000000,-0.001338,0.008384,0.005362,0.001541,0.000722,0.008402,0.000025,-0.003151,-0.006673,-0.006803,0.000000
1.000000,0.026856,0.011626,0.009805,0.002130,0.002324,0.008244,-0.001601,-0.000650,-0.006899,-0.009692,0.000000
1.000000,-0.006537,0.009491,0.008960,0.001871,0.002106,0.008267,-0.001782,-0.000738,-0.006796,-0.009344,0.000000
1.000000,-0.010550,0.001686,0.007380,0.001754,0.001108,0.008076,-0.001929,-0.000022,-0.006768,-0.010834,0.000000
1.000000,0.001325,0.001951,0.006566,0.002120,0.001061,0.008138,-0.004050,0.000339,-0.006941,-0.015485,0.000000
1.000000,0.017065,0.005632,0.007008,0.003202,0.001418,0.007822,-0.003302,0.003238,-0.008130,-0.016131,0.000000
1.000000,-0.003477,-0.000435,0.005596,0.002936,0.001469,0.007563,-0.003138,0.003691,-0.009171,-0.018580,0.000000
1.000000,0.015551,0.003983,0.006737,0.004763,0.002093,0.008958,-0.002521,0.000998,-0.007970,-0.015285,0.000000
1.000000,0.014046,0.008902,0.005294,0.005419,0.002779,0.009019,-0.002056,0.001173,-0.008392,-0.014740,0.000000
1.000000,-0.007211,0.007195,0.004573,0.005034,0.002611,0.009323,-0.002060,0.002285,-0.006581,-0.013641,0.000000
1.000000,0.013951,0.006572,0.006102,0.005732,0.003061,0.009782,-0.000004,0.001174,-0.004683,-0.008000,0.000000
1.000000,0.015827,0.010433,0.004999,0.007402,0.003086,0.009987,-0.000614,0.000153,-0.005783,-0.008066,0.000000
1.000000,-0.012474,0.004828,0.004405,0.006683,0.002716,0.010239,-0.001492,-0.000566,-0.005705,-0.007738,0.000000
1.000000,-0.005454,0.000928,0.004915,0.006147,0.002807,0.010099,-0.000930,-0.000499,-0.005804,-0.008377,0.000000
1.000000,-0.021259,-0.001882,0.002656,0.004611,0.002299,0.010535,0.002087,-0.000797,-0.004752,-0.005475,0.000000
1.000000,-0.008632,-0.006398,0.000087,0.003547,0.002164,0.010151,0.000026,0.000972,0.001819,-0.002471,0.000000
1.000000,0.008632,-0.007838,0.001298,0.003447,0.002390,0.010111,-0.000161,0.001290,0.002534,-0.001927,0.000000
1.000000,-0.016028,-0.008548,-0.001860,0.002438,0.002555,0.010544,0.000131,0.005027,0.009204,-0.000593,0.000000
1.000000,0.002181,-0.007021,-0.003047,0.001124,0.002597,0.009358,-0.001774,-0.007383,0.002964,0.004397,0.000000
1.000000,0.001306,-0.002508,-0.002195,0.001189,0.002625,0.009005,-0.001811,-0.006793,0.002825,0.004600,0.000000
1.000000,-0.010939,-0.002969,-0.004684,0.000709,0.002260,0.009039,-0.000202,-0.005164,0.001515,0.006645,0.000000
1.000000,0.006578,-0.003380,-0.005609,-0.000305,0.003065,0.009105,0.000237,-0.005319,0.000604,0.006236,0.000000
1.000000,-0.001312,-0.000437,-0.004493,-0.000044,0.002957,0.009135,-0.000670,-0.008599,-0.000239,0.008892,0.000000
1.000000,-0.010780,-0.003029,-0.005025,-0.000055,0.002423,0.009139,-0.001520,-0.009471,0.000634,0.007976,0.000000
1.000000,-0.003767,-0.004044,-0.003276,-0.000310,0.001982,0.009775,0.000017,-0.012829,-0.003291,0.010449,0.000000
1.000000,-0.041248,-0.010106,-0.006538,-0.003225,0.000186,0.010651,-0.000644,-0.013090,0.002920,0.016401,0.000000
1.000000,-0.014919,-0.014405,-0.008893,-0.003798,-0.000667,0.009007,-0.001083,-0.013683,-0.003598,0.013986,0.000000
1.000000,0.009815,-0.012180,-0.006308,-0.004084,-0.000477,0.009292,-0.000384,-0.010885,0.001929,0.013234,0.000000
1.000000,-0.013580,-0.012740,-0.007885,-0.005466,-0.001879,0.009381,0.000119,-0.008458,0.002557,0.011759,0.000000
1.000000,-0.001415,-0.012269,-0.008157,-0.005176,-0.001926,0.009790,-0.000308,-0.008186,0.004222,0.012183,0.000000
1.000000,0.006588,-0.002702,-0.006404,-0.005544,-0.001662,0.009685,-0.000087,-0.008433,0.003640,0.011695,0.000000
1.000000,-0.014171,-0.002553,-0.008479,-0.007044,-0.003030,0.009278,0.000845,-0.009921,0.002457,0.012217,0.000000
1.000000,0.008055,-0.002905,-0.007542,-0.006017,-0.002543,0.009847,0.000627,-0.010104,0.004466,0.012694,0.000000
1.000000,0.009862,0.001784,-0.005478,-0.005252,-0.001863,0.009940,-0.001147,-0.009361,0.006510,0.013651,0.000000
1.000000,0.053231,0.012713,0.000222,-0.001527,-0.000133,0.009992,-0.000517,-0.011754,0.006556,0.014463,0.000000
1.000000,0.036114,0.018618,0.007958,0.000710,0.000502,0.010620,-0.000996,-0.019176,0.000080,0.016717,0.000000
1.000000,0.006390,0.022730,0.010089,0.000598,0.000831,0.010489,-0.000509,-0.018407,0.000929,0.016045,0.000000
1.000000,-0.002551,0.020609,0.008852,0.001272,0.000228,0.009777,-0.000667,-0.017252,0.000165,0.014986,0.000000
1.000000,-0.017608,0.015115,0.008449,0.000282,-0.000827,0.010147,-0.001395,-0.018337,0.001149,0.014691,0.000000
1.000000,0.008628,0.006195,0.009454,0.000649,-0.000299,0.010088,-0.001373,-0.016386,0.002275,0.014634,0.000000
1.000000,0.027538,0.004479,0.011549,0.002572,0.000154,0.010491,-0.000136,-0.017835,0.002470,0.015665,0.000000
1.000000,-0.002510,0.002699,0.012715,0.002118,-0.000458,0.010560,-0.000591,-0.016709,0.005025,0.016847,0.000000
1.000000,0.001674,0.003544,0.012077,0.002267,0.000014,0.010632,-0.000029,-0.017225,0.004866,0.016942,0.000000
1.000000,-0.005452,0.005976,0.010545,0.002534,0.000014,0.010375,-0.000356,-0.017483,0.003571,0.015883,0.000000
1.000000,0.019572,0.008164,0.007180,0.003701,0.001375,0.010387,0.001022,-0.014378,0.006433,0.015220,0.000000
1.000000,-0.008698,0.000917,0.002698,0.005328,0.001373,0.010484,0.000816,-0.014369,0.005148,0.014793,0.000000
1.000000,-0.000832,0.001253,0.001976,0.006032,0.001057,0.010597,0.000832,-0.013911,0.005255,0.013682,0.000000
1.000000,0.001248,0.001168,0.002356,0.005604,0.001633,0.009996,0.001987,-0.012165,0.005168,0.010880,0.000000
1.000000,0.009106,0.004079,0.005027,0.006738,0.001864,0.010036,0.002137,-0.012664,0.005424,0.010990,0.000000
1.000000,-0.000412,0.000082,0.004123,0.006789,0.001807,0.010067,0.001872,-0.012984,0.004943,0.011433,0.000000
1.000000,0.008210,0.003464,0.002191,0.006870,0.002445,0.010048,0.001907,-0.012978,0.004893,0.011447,0.000000
1.000000,0.005707,0.004772,0.003012,0.007864,0.002416,0.009412,0.002018,-0.011503,0.004848,0.010708,0.000000
1.000000,0.024494,0.009421,0.005294,0.008686,0.003276,0.010015,0.000710,-0.012032,0.005891,0.010341,0.000000
1.000000,0.016133,0.010826,0.007453,0.008999,0.004173,0.010903,-0.000385,-0.012696,0.007464,0.010149,0.000000
1.000000,0.009324,0.012774,0.006428,0.006804,0.004610,0.011976,0.000257,-0.012891,0.009658,0.009220,0.000000
1.000000,0.005399,0.012211,0.007838,0.005268,0.006165,0.012805,-0.001165,-0.013038,0.008614,0.009354,0.000000
1.000000,0.019425,0.014955,0.009864,0.005920,0.007309,0.012980,-0.002670,-0.014251,0.006212,0.008590,0.000000
1.000000,-0.017504,0.006555,0.007988,0.005172,0.006399,0.013268,-0.002362,-0.015512,0.004344,0.009372,0.000000
1.000000,0.003831,0.004095,0.007461,0.006244,0.006979,0.014311,-0.002261,-0.012282,0.010221,0.011635,0.000000
1.000000,-0.011539,-0.000077,0.006348,0.005236,0.006642,0.014646,-0.002373,-0.012369,0.010952,0.011427,0.000000
1.000000,0.009241,0.000691,0.006451,0.004321,0.006730,0.014713,-0.001906,-0.013714,0.009221,0.010773,0.000000
1.000000,0.001149,-0.002964,0.005995,0.004504,0.007241,0.014214,0.000906,-0.017653,0.008260,0.012020,0.000000
1.000000,0.007628,0.002062,0.004309,0.004802,0.007227,0.013739,0.000344,-0.018066,0.008449,0.011332,0.000000
1.000000,-0.006098,0.000076,0.002086,0.004769,0.006695,0.012715,0.000994,-0.017603,0.005038,0.008563,0.000000
1.000000,0.003434,0.003071,0.001497,0.003962,0.005035,0.012730,0.001071,-0.017432,0.005146,0.008522,0.000000
1.000000,-0.010724,-0.000922,-0.000115,0.003861,0.003474,0.011364,-0.000047,-0.019776,0.001351,0.009228,0.000000
1.000000,0.013767,0.001602,-0.000681,0.004591,0.003719,0.011735,0.000592,-0.019859,0.003459,0.009423,0.000000
1.000000,0.001139,0.000304,0.001183,0.004586,0.003842,0.011319,0.000661,-0.020459,0.001862,0.009131,0.000000
1.000000,-0.017605,-0.001998,-0.000961,0.003250,0.003843,0.011498,-0.000029,-0.023144,-0.000970,0.009089,0.000000
1.000000,0.012661,-0.000152,0.001459,0.003904,0.003977,0.011473,-0.000393,-0.023590,-0.002304,0.008189,0.000000
1.000000,-0.003820,0.001228,0.000153,0.003302,0.002932,0.011067,-0.000689,-0.023634,-0.004657,0.007036,0.000000
1.000000,-0.009227,-0.003370,-0.000884,0.002556,0.002708,0.011102,-0.001079,-0.024063,-0.003312,0.006959,0.000000
1.000000,-0.015178,-0.006634,-0.003165,0.000572,0.002146,0.010511,-0.000441,-0.020235,-0.002153,0.004353,0.000000
1.000000,-0.000785,-0.003270,-0.002634,-0.000274,0.002302,0.010612,-0.001138,-0.019427,-0.001393,0.005624,0.000000
1.000000,-0.007485,-0.007299,-0.003726,-0.001114,0.001400,0.010402,-0.002885,-0.017690,-0.002622,0.003959,0.000000
1.000000,0.006700,-0.005195,-0.001983,-0.001049,0.001913,0.010206,-0.002359,-0.017863,-0.003161,0.003765,0.000000
1.000000,-0.008679,-0.005085,-0.004228,-0.002455,0.001651,0.010165,-0.002836,-0.017999,-0.003614,0.004943,0.000000
1.000000,-0.026904,-0.007430,-0.007032,-0.002925,0.000713,0.010006,0.001066,-0.019357,-0.002427,0.006620,0.000000
1.000000,0.012940,-0.004686,-0.003978,-0.002469,0.000841,0.010164,0.001077,-0.019434,-0.003047,0.005761,0.000000
1.000000,0.024212,0.001654,-0.002823,-0.000682,0.001662,0.010218,0.001807,-0.019592,-0.004121,0.003771,0.000000
1.000000,-0.025016,-0.004689,-0.004942,-0.002394,0.000554,0.010844,0.001654,-0.020760,-0.001278,0.004662,0.000000
1.000000,0.138695,0.024785,0.009850,0.004483,0.004987,0.016150,0.001042,-0.013455,0.025712,0.022261,0.000000
1.000000,-0.007730,0.028620,0.010595,0.003715,0.003913,0.016031,0.001473,-0.013956,0.025661,0.022939,0.000000
1.000000,-0.009213,0.024190,0.009752,0.003559,0.003068,0.016116,0.001290,-0.013545,0.025869,0.023570,0.000000
1.000000,0.038413,0.027030,0.014342,0.005308,0.004038,0.015461,0.003566,-0.017108,0.020490,0.022587,0.000000
1.000000,-0.006530,0.030727,0.013019,0.005518,0.003640,0.013966,0.005296,-0.017816,0.014303,0.018269,0.000000
1.000000,0.015738,0.006135,0.015460,0.005616,0.003517,0.013719,0.005799,-0.018394,0.013722,0.019438,0.000000
1.000000,0.000000,0.007681,0.018151,0.005559,0.004101,0.013611,0.006292,-0.018857,0.013371,0.019249,0.000000
1.000000,-0.007496,0.008025,0.016107,0.006065,0.003723,0.013370,0.006104,-0.019745,0.013490,0.020485,0.000000
1.000000,0.014262,0.003195,0.015112,0.006145,0.004583,0.013550,0.005936,-0.019401,0.014049,0.020290,0.000000
1.000000,0.002694,0.005039,0.017883,0.006470,0.004365,0.013590,0.006246,-0.018809,0.014596,0.019353,0.000000
1.000000,0.000000,0.001892,0.004014,0.006932,0.004326,0.012909,0.006733,-0.019459,0.013503,0.016992,0.000000
1.000000,-0.035944,-0.005297,0.001192,0.005894,0.002874,0.013395,0.008019,-0.020040,0.010910,0.013181,0.000000
1.000000,0.019331,0.000068,0.004047,0.006899,0.003722,0.013140,0.008795,-0.020649,0.010393,0.013511,0.000000
1.000000,0.013245,-0.000135,0.001530,0.007936,0.004049,0.013503,0.007640,-0.018875,0.010330,0.013638,0.000000
1.000000,0.030240,0.005374,0.005207,0.009113,0.005414,0.013590,0.007855,-0.016481,0.011391,0.012811,0.000000
1.000000,0.011391,0.007653,0.004772,0.010116,0.005335,0.011615,0.006924,-0.012721,0.006414,0.006956,0.000000
1.000000,-0.012374,0.012367,0.003535,0.010843,0.004884,0.012872,0.006494,-0.014162,0.009550,0.007382,0.000000
1.000000,-0.021862,0.004128,0.002098,0.009103,0.004743,0.013896,0.004578,-0.011843,0.009499,0.009216,0.000000
1.000000,0.006010,0.002681,0.001273,0.008193,0.004521,0.013842,0.004523,-0.012430,0.009129,0.009247,0.000000
1.000000,0.007958,-0.001775,0.001799,0.009841,0.004913,0.013687,0.003852,-0.011475,0.009970,0.008943,0.000000
1.000000,-0.006295,-0.005313,0.001170,0.002592,0.005011,0.013415,0.003911,-0.011361,0.009914,0.008594,0.000000
1.000000,0.006295,-0.001579,0.005394,0.003293,0.005727,0.013400,0.003971,-0.011350,0.010883,0.008186,0.000000
1.000000,0.013775,0.005549,0.004838,0.004442,0.006212,0.013396,0.004398,-0.010999,0.011849,0.009849,0.000000
1.000000,-0.008505,0.002646,0.002663,0.002097,0.006178,0.013591,0.003543,-0.011665,0.012055,0.010336,0.000000
1.000000,0.008505,0.002755,0.000490,0.002848,0.006238,0.013418,0.003894,-0.011343,0.013449,0.010739,0.000000
1.000000,-0.008834,0.002247,-0.001533,0.001620,0.006233,0.013560,0.003906,-0.011700,0.013595,0.010332,0.000000
1.000000,0.015974,0.004183,0.001302,0.002418,0.007663,0.013372,0.004054,-0.011785,0.013704,0.010613,0.000000
1.000000,-0.015974,-0.001767,0.001891,0.001995,0.006699,0.013500,0.004006,-0.010076,0.013651,0.011356,0.000000
1.000000,0.011436,0.002222,0.002434,0.001853,0.006273,0.013742,0.003599,-0.009848,0.013543,0.010311,0.000000
1.000000,0.011307,0.002782,0.002768,0.002284,0.007484,0.013880,0.003111,-0.009771,0.013800,0.009968,0.000000
1.000000,-0.031655,-0.001782,0.000232,0.000701,0.001805,0.014676,0.002365,-0.010024,0.014760,0.011102,0.000000
1.000000,-0.046488,-0.014275,-0.005046,0.000174,0.000513,0.014982,0.002547,-0.010602,0.014589,0.011785,0.000000
1.000000,0.068784,0.002677,0.000455,0.002647,0.003113,0.014311,0.004621,-0.013094,0.010896,0.016131,0.000000
1.000000,0.011606,0.002711,0.002466,0.002565,0.002220,0.013972,0.005338,-0.015045,0.010382,0.015771,0.000000
1.000000,-0.006754,-0.000901,0.000940,0.000715,0.002212,0.013811,0.006685,-0.017170,0.009523,0.013749,0.000000
1.000000,-0.002261,0.004977,0.001597,0.000032,0.001612,0.012655,0.009917,-0.016264,0.009334,0.013422,0.000000
1.000000,0.024598,0.019195,0.002460,0.001881,0.002432,0.012474,0.010516,-0.016038,0.009486,0.014324,0.000000
1.000000,-0.008875,0.003663,0.003170,0.002530,0.002386,0.012520,0.010291,-0.015632,0.009411,0.015847,0.000000
1.000000,0.001273,0.001596,0.002153,0.002293,0.001953,0.012369,0.009388,-0.013602,0.011359,0.016885,0.000000
1.000000,0.001589,0.003265,0.001182,0.001975,0.001916,0.012367,0.009403,-0.013591,0.011536,0.016790,0.000000
1.000000,-0.010531,0.001611,0.003294,0.001763,0.001565,0.011999,0.009729,-0.013289,0.010495,0.018415,0.000000
1.000000,0.038394,0.004370,0.011782,0.003368,0.004043,0.012659,0.010716,-0.013290,0.010324,0.019519,0.000000
1.000000,-0.012739,0.003597,0.003630,0.002042,0.002974,0.012390,0.011200,-0.014493,0.009488,0.022925,0.000000
1.000000,-0.015441,0.000254,0.000925,0.001696,0.002018,0.011911,0.011703,-0.015903,0.007694,0.022913,0.000000
1.000000,-0.001271,-0.000318,0.001473,0.001207,0.000968,0.013832,0.016624,-0.015207,0.013212,0.024100,0.000000
1.000000,0.037752,0.009339,0.005475,0.003536,0.001846,0.014645,0.015995,-0.017541,0.011864,0.022528,0.000000
1.000000,0.012778,0.004216,0.004293,0.003376,0.002685,0.014752,0.015404,-0.017284,0.008875,0.020740,0.000000
1.000000,0.013810,0.009526,0.006561,0.004865,0.003874,0.014512,0.016542,-0.016444,0.012704,0.023449,0.000000
1.000000,-0.021091,0.008395,0.004325,0.003239,0.002971,0.014975,0.016223,-0.016977,0.011110,0.020422,0.000000
1.000000,0.004254,0.009500,0.004591,0.002886,0.002847,0.015199,0.015645,-0.016926,0.011153,0.019242,0.000000
1.000000,-0.019287,-0.001907,0.003716,0.003505,0.002414,0.015170,0.017080,-0.018675,0.008199,0.021462,0.000000
1.000000,0.001236,-0.004216,0.000000,0.005891,0.002245,0.015221,0.017113,-0.018536,0.008464,0.020931,0.000000
1.000000,-0.003402,-0.007658,0.000934,0.002282,0.001673,0.015413,0.017204,-0.019226,0.008269,0.020212,0.000000
1.000000,-0.006839,-0.004808,0.001794,0.001360,0.001728,0.015522,0.016721,-0.019866,0.008079,0.019859,0.000000
1.000000,-0.009402,-0.007539,0.000981,0.001227,0.001131,0.015471,0.016920,-0.020046,0.006509,0.019503,0.000000
1.000000,0.035569,0.003433,0.000763,0.003119,0.002612,0.015833,0.018068,-0.021684,0.005632,0.016038,0.000000
1.000000,-0.010078,0.001170,-0.001523,0.001385,0.001743,0.016200,0.022076,-0.021642,0.007572,0.017771,0.000000
1.000000,-0.025806,-0.003311,-0.005485,0.000538,0.001415,0.016260,0.023453,-0.021582,0.005650,0.017837,0.000000
1.000000,-0.007588,-0.003461,-0.004134,0.000095,0.000781,0.015937,0.022521,-0.019412,0.005186,0.017531,0.000000
1.000000,0.011988,0.000817,-0.003361,0.000615,0.000804,0.015524,0.022418,-0.017181,0.003721,0.016820,0.000000
1.000000,0.002505,-0.005796,-0.001182,0.001267,0.001943,0.011795,0.016829,-0.020040,-0.015120,0.001945,0.000000
1.000000,-0.010060,-0.005792,-0.002311,-0.001156,0.003157,0.011804,0.017154,-0.018985,-0.014540,0.001451,0.000000
1.000000,-0.015603,-0.003752,-0.003531,-0.001299,0.000344,0.011855,0.015301,-0.018221,-0.014742,0.000325,0.000000
1.000000,-0.016829,-0.005600,-0.004530,-0.001368,-0.000604,0.011756,0.014327,-0.016682,-0.013147,0.000085,0.000000
1.000000,0.001305,-0.007736,-0.003460,-0.001239,-0.000335,0.011473,0.012824,-0.016581,-0.013305,0.001112,0.000000
1.000000,0.096258,0.011014,0.002609,0.001686,0.002949,0.012566,0.012431,-0.017210,-0.011128,0.006106,0.000000
1.000000,0.008842,0.014795,0.004501,0.001489,0.002424,0.012591,0.012497,-0.017310,-0.010761,0.006337,0.000000
1.000000,-0.003527,0.017210,0.006729,0.000622,0.002602,0.012440,0.011257,-0.016892,-0.011776,0.005379,0.000000
1.000000,-0.012146,0.018146,0.006273,0.001069,0.002155,0.011920,0.012007,-0.017699,-0.012818,0.007413,0.000000
1.000000,-0.003284,0.017228,0.004746,0.000693,0.001992,0.011486,0.011266,-0.019437,-0.015392,0.009736,0.000000
1.000000,-0.002695,-0.002562,0.004226,0.001522,0.002253,0.010214,0.009545,-0.018641,-0.017602,0.010386,0.000000
1.000000,-0.015410,-0.007413,0.003691,0.000690,0.000460,0.009496,0.007277,-0.020204,-0.017498,0.018183,0.000000
1.000000,-0.003661,-0.007439,0.004885,0.000677,0.000763,0.009724,0.006288,-0.019747,-0.017052,0.016351,0.000000
1.000000,0.028324,0.000655,0.009400,0.002435,0.002221,0.009798,0.007439,-0.020186,-0.017222,0.016868,0.000000
1.000000,-0.002082,0.000895,0.009062,0.002801,0.002194,0.009112,0.005461,-0.021479,-0.018573,0.020733,0.000000
1.000000,0.013014,0.004037,0.000737,0.001673,0.001370,0.010143,0.009066,-0.027012,-0.014862,0.031397,0.000000
1.000000,0.002055,0.007530,0.000059,0.002280,0.001012,0.010173,0.008758,-0.025798,-0.016388,0.028670,0.000000
1.000000,0.015712,0.011405,0.001983,0.004356,0.001076,0.009571,0.010404,-0.026706,-0.016517,0.028375,0.000000
1.000000,-0.052449,-0.004750,-0.002048,0.002113,0.000030,0.010264,0.012049,-0.026667,-0.019193,0.025528,0.000000
1.000000,0.006973,-0.002939,-0.001022,0.001862,0.000121,0.010342,0.012507,-0.026844,-0.020664,0.025160,0.000000
1.000000,0.006024,-0.004337,-0.000150,0.002038,0.000965,0.010863,0.011100,-0.024916,-0.018388,0.026210,0.000000
1.000000,0.001200,-0.004508,0.001511,0.002601,0.000964,0.010359,0.007779,-0.027015,-0.024184,0.030420,0.000000
1.000000,0.004489,-0.006752,0.002326,0.003606,0.001227,0.010378,0.007781,-0.027045,-0.024097,0.030544,0.000000
1.000000,-0.003290,0.003079,-0.000835,0.004283,0.001345,0.009791,0.008928,-0.025112,-0.023489,0.027545,0.000000
1.000000,0.004484,0.002581,-0.000179,0.004441,0.001808,0.010210,0.008259,-0.022789,-0.024379,0.024097,0.000000
1.000000,0.013920,0.004161,-0.000088,0.000325,0.001086,0.010098,0.007967,-0.022732,-0.025142,0.023612,0.000000
1.000000,0.038938,0.011708,0.003600,0.001829,0.002720,0.010941,0.008485,-0.023147,-0.024649,0.023354,0.000000
1.000000,0.013766,0.013564,0.003406,0.002694,0.004039,0.010758,0.008117,-0.024729,-0.025019,0.025217,0.000000
1.000000,0.002786,0.014779,0.008929,0.003441,0.004385,0.010531,0.008531,-0.025621,-0.024490,0.028383,0.000000
1.000000,0.001668,0.014216,0.008399,0.003688,0.004041,0.010623,0.008551,-0.025891,-0.024222,0.028410,0.000000
1.000000,0.011325,0.013697,0.008929,0.004389,0.004335,0.010053,0.008849,-0.024854,-0.024604,0.025965,0.000000
1.000000,-0.004956,0.004918,0.008313,0.004912,0.004505,0.008539,0.009616,-0.023231,-0.025405,0.022669,0.000000
1.000000,0.018595,0.005884,0.009724,0.006025,0.005645,0.009454,0.008338,-0.018348,-0.022209,0.011486,0.000000
1.000000,0.003516,0.006030,0.010404,0.004784,0.006323,0.009969,0.008146,-0.015180,-0.021683,0.009576,0.000000
1.000000,0.018987,0.009493,0.011854,0.005838,0.006912,0.010261,0.007963,-0.014569,-0.021830,0.009269,0.000000
1.000000,-0.056115,-0.003995,0.004851,0.002381,0.001833,0.013868,0.002940,-0.021134,-0.022356,0.020624,0.000000
1.000000,0.009759,-0.001052,0.001933,0.002767,0.001864,0.014030,0.005335,-0.020368,-0.016347,0.017963,0.000000
1.000000,-0.008079,-0.006386,-0.000251,0.001577,0.001712,0.014323,0.004699,-0.020257,-0.016147,0.017439,0.000000
1.000000,-0.015220,-0.010134,-0.002052,0.003438,0.001610,0.014703,0.006269,-0.022872,-0.016805,0.020944,0.000000
1.000000,0.038718,-0.006187,0.001653,0.005026,0.003010,0.015296,0.006546,-0.025556,-0.016659,0.021265,0.000000
1.000000,-0.020984,0.000839,-0.001578,0.003675,0.002400,0.015686,0.006950,-0.026232,-0.015969,0.022482,0.000000
1.000000,0.011099,0.001107,0.000028,0.004170,0.003284,0.014074,0.007980,-0.027352,-0.015473,0.021941,0.000000
1.000000,0.025608,0.007844,0.000729,0.005226,0.004259,0.015347,0.007943,-0.026494,-0.013117,0.021872,0.000000
1.000000,0.010169,0.012922,0.001394,0.005899,0.003654,0.016309,0.006948,-0.024140,-0.011700,0.019662,0.000000
1.000000,-0.001865,0.004805,-0.000691,0.005582,0.003662,0.015459,0.007369,-0.026021,-0.013145,0.023467,0.000000
1.000000,0.003993,0.009801,0.005320,0.005085,0.003361,0.015082,0.007752,-0.025935,-0.012888,0.023812,0.000000
1.000000,-0.012565,0.005068,0.003087,0.002510,0.002873,0.015129,0.007902,-0.025754,-0.012201,0.023618,0.000000
1.000000,-0.035322,-0.007118,0.000363,0.000056,0.001172,0.014961,0.006972,-0.026416,-0.012888,0.023886,0.000000
1.000000,-0.032288,-0.015610,-0.001344,-0.001698,0.001844,0.013987,0.007589,-0.029872,-0.016204,0.028255,0.000000
1.000000,0.012017,-0.012833,-0.004014,-0.001180,0.002013,0.012101,0.008228,-0.031114,-0.017706,0.030905,0.000000
1.000000,-0.001423,-0.013916,-0.002058,-0.001818,0.001764,0.011948,0.007139,-0.030235,-0.018889,0.030638,0.000000
1.000000,0.023226,-0.006758,-0.000845,-0.000409,0.002498,0.012271,0.007061,-0.032872,-0.021147,0.038033,0.000000
1.000000,-0.016413,-0.002976,-0.005047,-0.002159,0.001802,0.012205,0.007063,-0.032189,-0.020787,0.037060,0.000000
1.000000,0.064096,0.016301,0.000346,0.000870,0.004048,0.013544,0.003444,-0.033694,-0.027639,0.043572,0.000000
1.000000,-0.011743,0.011549,-0.000642,-0.000667,0.003507,0.012666,0.003489,-0.031294,-0.027508,0.037787,0.000000
1.000000,0.022562,0.016346,0.001215,0.003267,0.003795,0.013611,0.003158,-0.023224,-0.021216,0.023118,0.000000
1.000000,-0.000788,0.011543,0.002392,0.002740,0.002471,0.013800,0.002147,-0.023363,-0.020828,0.022336,0.000000
1.000000,-0.006589,0.013508,0.005266,0.002814,0.001792,0.013140,0.001705,-0.022262,-0.019999,0.016108,0.000000
1.000000,0.007901,0.002269,0.009285,0.003970,0.001963,0.013246,0.002912,-0.026730,-0.019343,0.022430,0.000000
1.000000,-0.004470,0.003724,0.007636,0.001811,0.001758,0.013159,0.002172,-0.027206,-0.020056,0.024098,0.000000
1.000000,0.000527,-0.000684,0.007831,0.002887,0.001398,0.014032,0.001823,-0.025974,-0.019086,0.022377,0.000000
1.000000,0.014900,0.002454,0.006998,0.003077,0.002060,0.014479,0.000916,-0.028643,-0.019488,0.026530,0.000000
1.000000,0.013402,0.006452,0.009980,0.002466,0.001887,0.013873,0.002389,-0.029554,-0.020560,0.027691,0.000000
1.000000,-0.005597,0.003753,0.003011,0.001678,0.001583,0.014276,0.000648,-0.024549,-0.015610,0.020951,0.000000
1.000000,0.005853,0.005817,0.004770,0.002064,0.001146,0.014293,0.000878,-0.024226,-0.015849,0.020379,0.000000
1.000000,0.006124,0.006937,0.003126,0.002171,0.003220,0.013055,0.000605,-0.021304,-0.013571,0.009922,0.000000
1.000000,0.005075,0.004971,0.003713,0.003053,0.003064,0.013173,0.000243,-0.021393,-0.014045,0.010652,0.000000
1.000000,0.008820,0.004055,0.005254,0.005260,0.003627,0.013054,0.000785,-0.021862,-0.013557,0.010798,0.000000
1.000000,-0.055448,-0.005915,-0.001081,0.004102,0.002287,0.011384,0.004238,-0.024839,-0.016754,0.011064,0.000000
1.000000,-0.017657,-0.010617,-0.002400,0.002618,0.000407,0.011507,0.004024,-0.025292,-0.016701,0.011317,0.000000
1.000000,-0.016876,-0.015217,-0.004140,0.001845,0.000544,0.012330,0.003338,-0.029398,-0.013036,0.013024,0.000000
1.000000,-0.010763,-0.018385,-0.006707,0.000146,-0.000184,0.012066,0.003305,-0.028257,-0.013062,0.011338,0.000000
1.000000,0.001109,-0.019927,-0.007936,0.001022,-0.001001,0.011914,0.002431,-0.026562,-0.013045,0.007737,0.000000
1.000000,0.024909,-0.003856,-0.004885,-0.000937,-0.000510,0.012257,0.000184,-0.026233,-0.011585,0.003478,0.000000
1.000000,0.004854,0.000647,-0.004985,-0.000107,-0.000286,0.012006,-0.000535,-0.026335,-0.012371,0.002483,0.000000
1.000000,-0.039791,-0.003936,-0.009577,-0.003225,-0.001745,0.011330,-0.000364,-0.023128,-0.011817,-0.000444,0.000000
1.000000,-0.019791,-0.005742,-0.012063,-0.004175,-0.001986,0.011403,-0.000590,-0.022841,-0.011328,-0.001225,0.000000
1.000000,-0.009180,-0.007800,-0.013863,-0.004305,-0.001115,0.011774,-0.000902,-0.022227,-0.010613,-0.001065,0.000000
1.000000,0.003165,-0.012149,-0.008002,-0.004542,0.000067,0.009330,-0.003450,-0.024495,-0.009706,-0.005125,0.000000
1.000000,0.014262,-0.010267,-0.004810,-0.003605,0.000142,0.009302,-0.003403,-0.024718,-0.009984,-0.004712,0.000000
1.000000,0.007898,-0.000729,-0.002333,-0.003237,0.000453,0.008956,-0.002786,-0.025727,-0.011565,-0.003933,0.000000
1.000000,0.005324,0.004294,-0.000724,-0.003715,-0.000144,0.008646,-0.002971,-0.026376,-0.012792,-0.002397,0.000000
1.000000,0.007518,0.007633,-0.000083,-0.004010,0.000654,0.008995,-0.003520,-0.025871,-0.012123,-0.002031,0.000000
1.000000,0.016779,0.010356,-0.000896,-0.002891,-0.000924,0.009615,-0.002927,-0.027539,-0.013068,0.002095,0.000000
1.000000,0.009772,0.009458,-0.000404,-0.002695,-0.000206,0.009636,-0.003206,-0.028853,-0.012922,0.002654,0.000000
1.000000,-0.019365,0.004006,0.001638,-0.003969,-0.001604,0.010412,-0.000760,-0.028321,-0.010533,0.004409,0.000000
1.000000,0.003299,0.003601,0.003947,-0.004058,-0.001468,0.009614,-0.001470,-0.027662,-0.010244,0.003028,0.000000
1.000000,-0.006333,0.000830,0.004232,-0.004816,-0.001459,0.009347,-0.001541,-0.028071,-0.010009,0.002681,0.000000
1.000000,0.004410,-0.001643,0.004356,-0.001823,-0.001576,0.009598,-0.001621,-0.027653,-0.010145,0.003776,0.000000
1.000000,0.010669,-0.001464,0.003997,-0.000407,-0.001071,0.009715,-0.001897,-0.028233,-0.010442,0.004688,0.000000
1.000000,-0.001361,0.002137,0.003071,0.000369,-0.001134,0.009583,-0.002236,-0.027659,-0.010181,0.002778,0.000000
1.000000,-0.003275,0.000822,0.002211,0.000744,-0.001740,0.009441,-0.002634,-0.027543,-0.010458,0.002269,0.000000
1.000000,-0.010166,0.000055,0.000443,0.000180,-0.002525,0.009301,-0.003010,-0.027092,-0.008933,0.001299,0.000000
1.000000,0.001380,-0.000551,-0.001097,-0.000997,-0.002293,0.009888,-0.004377,-0.028568,-0.009086,-0.000374,0.000000
1.000000,0.006049,-0.001475,-0.001469,-0.000937,-0.002286,0.009873,-0.004018,-0.028385,-0.009622,0.000883,0.000000
1.000000,0.010363,0.000870,0.001503,0.001571,-0.002145,0.007607,-0.000179,-0.023702,-0.010742,-0.003099,0.000000
1.000000,-0.005168,0.000491,0.000657,0.002302,-0.002486,0.007851,-0.000646,-0.023628,-0.012222,-0.001261,0.000000
1.000000,0.020781,0.006681,0.003368,0.003800,-0.002088,0.008172,-0.000455,-0.024104,-0.012970,0.000851,0.000000
1.000000,-0.027622,0.000881,0.000165,0.002261,-0.001160,0.008249,0.001084,-0.023216,-0.011937,0.000364,0.000000
1.000000,0.008203,0.001311,-0.000082,0.001958,-0.000298,0.007753,0.001813,-0.019588,-0.013866,0.003528,0.000000
1.000000,0.030045,0.005248,0.003059,0.003065,0.001266,0.007351,0.002444,-0.018796,-0.014540,0.001648,0.000000
1.000000,0.001848,0.006651,0.003571,0.002891,0.001686,0.007870,0.001053,-0.019574,-0.014508,0.000958,0.000000
1.000000,-0.010341,0.000427,0.003554,0.001998,0.001305,0.006931,0.002157,-0.017603,-0.016143,0.002365,0.000000
1.000000,-0.004541,0.005043,0.002962,0.000932,0.000323,0.007120,0.002864,-0.017007,-0.015476,0.003072,0.000000
1.000000,0.005340,0.004470,0.002891,0.000711,0.000339,0.007631,0.002629,-0.017150,-0.014330,0.001918,0.000000
1.000000,-0.012056,-0.003950,0.000649,0.001076,0.001264,0.007441,0.003250,-0.017617,-0.015204,0.004352,0.000000
1.000000,-0.034831,-0.011286,-0.002317,-0.000830,0.000762,0.009647,0.003495,-0.016818,-0.008312,0.000783,0.000000
1.000000,0.028613,-0.003495,-0.001534,0.000917,0.002022,0.008556,0.005399,-0.016765,-0.012629,0.006726,0.000000
1.000000,0.000271,-0.002533,0.001255,0.000710,0.001925,0.008561,0.006341,-0.012522,-0.010569,0.007420,0.000000
1.000000,0.003519,-0.002897,0.000787,0.000352,0.001567,0.009487,0.006034,-0.011879,-0.010164,0.006771,0.000000
1.000000,-0.003790,-0.001244,-0.002597,0.000231,0.001178,0.010177,0.007712,-0.009105,-0.006570,0.005551,0.000000
1.000000,-0.016407,0.002441,-0.004422,-0.000426,0.000453,0.010441,0.009512,-0.005553,-0.003971,0.009306,0.000000
1.000000,-0.000552,-0.003392,-0.003443,0.000055,0.000184,0.010377,0.009972,-0.003353,-0.002781,0.008791,0.000000
1.000000,-0.009981,-0.005442,-0.003987,-0.000513,-0.000708,0.006898,0.015031,-0.001318,0.005426,0.007450,0.000000
1.000000,0.025311,-0.001084,-0.001990,0.000450,-0.000190,0.008397,0.013816,-0.002789,0.005532,0.005843,0.000000
1.000000,-0.007636,-0.001853,-0.001548,-0.000450,0.000201,0.007914,0.013325,-0.006347,0.004214,0.011050,0.000000
1.000000,0.098466,0.021122,0.011781,0.004732,0.003374,0.006748,0.009246,-0.020617,0.002549,0.006771,0.000000
1.000000,-0.002484,0.020735,0.008672,0.003569,0.003502,0.007057,0.009173,-0.020997,0.002692,0.008231,0.000000
1.000000,0.023837,0.027499,0.011028,0.006142,0.004149,0.006918,0.009808,-0.018930,0.003219,0.004466,0.000000
1.000000,0.015900,0.025617,0.012266,0.006527,0.004324,0.006940,0.010714,-0.016998,0.004661,0.001016,0.000000
1.000000,0.026184,0.032381,0.015264,0.006333,0.005242,0.006000,0.010570,-0.019172,0.004912,0.000895,0.000000
1.000000,0.007654,0.014218,0.017670,0.006624,0.005606,0.003409,0.010218,-0.018016,0.003641,-0.002301,0.000000
1.000000,-0.004400,0.013835,0.017285,0.006921,0.005799,0.003019,0.010109,-0.016851,0.004582,-0.003535,0.000000
1.000000,0.010848,0.011237,0.019368,0.007690,0.006114,0.003087,0.010263,-0.019445,-0.000080,0.001309,0.000000
1.000000,-0.022990,0.003459,0.014538,0.006274,0.005146,0.003582,0.010186,-0.020297,-0.000243,0.001699,0.000000
1.000000,0.018618,0.001946,0.017163,0.007808,0.005421,0.003135,0.010608,-0.020625,-0.001842,0.000459,0.000000
1.000000,-0.008568,-0.001298,0.006460,0.009121,0.005308,0.003480,0.011759,-0.019713,-0.001771,0.002026,0.000000
1.000000,-0.019728,-0.004364,0.004736,0.006704,0.003958,0.003163,0.011582,-0.019349,-0.002257,0.001668,0.000000
1.000000,0.005205,-0.005493,0.002872,0.006950,0.005052,0.005079,0.007902,-0.017036,0.002089,-0.001105,0.000000
1.000000,0.014058,0.001917,0.002688,0.007477,0.005247,0.004993,0.006984,-0.017138,0.002302,0.000300,0.000000
1.000000,0.000698,-0.001667,0.000140,0.007702,0.004269,0.005736,0.009234,-0.012538,0.002360,-0.000385,0.000000
1.000000,-0.016409,-0.003235,-0.002267,0.007702,0.003660,0.004858,0.013491,-0.008523,0.004596,0.003006,0.000000
1.000000,0.020586,0.004827,0.000232,0.008758,0.004691,0.004817,0.013762,-0.013841,0.005837,0.007295,0.000000
1.000000,0.012883,0.006363,0.000435,0.009902,0.005272,0.004891,0.014221,-0.013698,0.007118,0.008819,0.000000
1.000000,0.017222,0.006996,0.004456,0.009497,0.005668,0.004661,0.015573,-0.014702,0.007944,0.010317,0.000000
1.000000,0.010282,0.008913,0.003623,0.010393,0.006413,0.005478,0.015160,-0.019017,0.010279,0.013336,0.000000
1.000000,-0.010956,0.010003,0.003384,0.004922,0.007208,0.005051,0.015221,-0.018233,0.010194,0.012153,0.000000
1.000000,0.003367,0.006559,0.005693,0.005215,0.006367,0.005213,0.013813,-0.018279,0.010398,0.011811,0.000000
1.000000,0.000896,0.004162,0.005263,0.004067,0.006388,0.005264,0.014128,-0.017057,0.010075,0.011160,0.000000
1.000000,0.018410,0.004400,0.005698,0.004193,0.006884,0.005289,0.014143,-0.017149,0.010261,0.011172,0.000000
1.000000,-0.011717,0.000000,0.004456,0.002298,0.006620,0.005338,0.013137,-0.018193,0.009369,0.011577,0.000000
1.000000,0.010837,0.004359,0.007181,0.002457,0.007528,0.005483,0.013439,-0.017061,0.009515,0.011126,0.000000
1.000000,0.006140,0.004913,0.005736,0.002984,0.007751,0.005418,0.013880,-0.015728,0.009604,0.009359,0.000000
1.000000,0.001093,0.004953,0.004557,0.002496,0.008120,0.005435,0.012282,-0.015831,0.008809,0.007837,0.000000
1.000000,-0.012084,-0.001146,0.001627,0.003042,0.006874,0.005264,0.012221,-0.016182,0.009161,0.007915,0.000000
1.000000,0.046852,0.010568,0.005284,0.004453,0.008690,0.006666,0.009369,-0.004742,0.016953,-0.004397,0.000000
1.000000,-0.001900,0.008020,0.006189,0.004787,0.005344,0.006718,0.009247,-0.004835,0.016981,-0.004513,0.000000
1.000000,0.050479,0.016888,0.010901,0.008297,0.007110,0.007524,0.012162,-0.003773,0.016472,-0.002542,0.000000
1.000000,0.005011,0.017671,0.011312,0.008287,0.006482,0.007131,0.011958,-0.003238,0.015576,-0.004962,0.000000
1.000000,-0.024488,0.015191,0.007022,0.006360,0.005136,0.006415,0.011139,-0.006368,0.013507,-0.007193,0.000000
1.000000,-0.006371,0.004546,0.007557,0.006007,0.004051,0.006383,0.010684,-0.006904,0.013195,-0.007888,0.000000
1.000000,-0.001031,0.004720,0.006370,0.006775,0.003761,0.006417,0.010910,-0.007222,0.013124,-0.007130,0.000000
1.000000,-0.006004,-0.006577,0.005156,0.005446,0.003708,0.006199,0.011435,-0.006818,0.013473,-0.007050,0.000000
1.000000,0.007447,-0.006089,0.005791,0.005174,0.003595,0.006196,0.011498,-0.006894,0.013234,-0.006321,0.000000
1.000000,-0.008070,-0.002806,0.006192,0.003910,0.004092,0.006387,0.011216,-0.007005,0.013313,-0.006707,0.000000
1.000000,0.004561,-0.000620,0.001963,0.003624,0.003623,0.006649,0.010822,-0.007105,0.013369,-0.006854,0.000000
1.000000,0.004540,0.000495,0.002607,0.004398,0.004060,0.006362,0.011172,-0.006976,0.012983,-0.006980,0.000000
1.000000,0.031215,0.007938,0.000681,0.005791,0.005758,0.005365,0.012873,-0.006001,0.013142,-0.010221,0.000000
1.000000,-0.015688,0.003311,-0.001389,0.004962,0.005062,0.005724,0.011576,-0.006724,0.012881,-0.009078,0.000000
1.000000,0.017084,0.008342,0.002768,0.004895,0.005163,0.006030,0.013767,-0.002539,0.013068,-0.010529,0.000000
1.000000,-0.006799,0.006070,0.002725,0.005141,0.004913,0.005952,0.012540,-0.003815,0.012167,-0.009943,0.000000
1.000000,-0.017202,0.001722,0.001108,0.003739,0.004886,0.005955,0.012844,-0.004632,0.011242,-0.008988,0.000000
1.000000,0.011770,-0.002167,0.002886,0.004021,0.004593,0.006821,0.011396,-0.006952,0.012561,-0.006550,0.000000
1.000000,-0.008712,-0.000772,0.001270,0.003530,0.003873,0.006865,0.011510,-0.007091,0.012613,-0.005674,0.000000
1.000000,-0.012079,-0.006604,0.000869,0.003531,0.002896,0.006824,0.011863,-0.005818,0.012338,-0.006660,0.000000
1.000000,-0.028836,-0.011012,-0.002471,-0.000254,0.001592,0.005913,0.010851,-0.005569,0.009321,-0.010952,0.000000
1.000000,0.005286,-0.006514,-0.002396,0.000106,0.002133,0.004801,0.008767,-0.004982,0.005930,-0.011705,0.000000
1.000000,0.018594,-0.005149,-0.003658,-0.001489,0.002641,0.005121,0.007508,-0.004354,0.008233,-0.016381,0.000000
1.000000,0.014794,-0.000448,-0.000610,-0.001000,0.003104,0.005291,0.008177,-0.004401,0.009446,-0.016443,0.000000
1.000000,0.000815,0.002131,-0.002237,0.000266,0.002518,0.005606,0.007944,-0.004232,0.010644,-0.017559,0.000000
1.000000,-0.102037,-0.012510,-0.011761,-0.004518,-0.000493,0.007278,0.010700,-0.005888,0.008473,-0.018229,0.000000
1.000000,-0.058314,-0.025230,-0.015872,-0.007382,-0.002798,0.008294,0.009927,-0.004421,0.005759,-0.021011,0.000000
1.000000,-0.010824,-0.031113,-0.018131,-0.007623,-0.003363,0.007937,0.009364,-0.005805,0.004235,-0.020185,0.000000
1.000000,0.032361,-0.027600,-0.014024,-0.006377,-0.002321,0.008490,0.008724,-0.005136,0.005819,-0.024252,0.000000
1.000000,-0.010592,-0.029881,-0.013875,-0.006503,-0.002271,0.007289,0.010468,-0.005721,0.005747,-0.018227,0.000000
1.000000,-0.011902,-0.011854,-0.012182,-0.007326,-0.004230,0.007317,0.010535,-0.005465,0.003900,-0.016736,0.000000
1.000000,0.016388,0.003086,-0.011072,-0.006734,-0.003620,0.008125,0.009588,0.002991,0.000258,-0.017256,0.000000
1.000000,-0.009705,0.003310,-0.013902,-0.008780,-0.005626,0.007819,0.010467,0.002168,-0.000021,-0.014766,0.000000
1.000000,0.013233,-0.000516,-0.014058,-0.007334,-0.005352,0.008058,0.009971,0.000991,-0.000249,-0.012297,0.000000
1.000000,0.021366,0.005876,-0.012003,-0.007120,-0.003824,0.008062,0.010295,0.000540,-0.001332,-0.009552,0.000000
1.000000,-0.010626,0.006131,-0.002862,-0.007311,-0.003966,0.008745,0.009566,0.005095,-0.003429,-0.011300,0.000000
1.000000,-0.005122,0.001829,0.002458,-0.006707,-0.004102,0.011496,0.008913,0.005165,0.000768,-0.011046,0.000000
1.000000,-0.021948,-0.000619,0.001345,-0.008393,-0.004633,0.011486,0.009809,0.004250,0.001414,-0.011642,0.000000
1.000000,-0.012727,-0.005811,-0.003164,-0.008594,-0.005306,0.011421,0.010583,0.004726,0.002321,-0.012068,0.000000
1.000000,-0.029677,-0.016020,-0.005072,-0.009474,-0.006026,0.011197,0.010600,0.004965,0.001905,-0.012678,0.000000
1.000000,-0.048977,-0.023690,-0.008780,-0.010481,-0.007811,0.009752,0.010619,0.008967,-0.008423,-0.010035,0.000000
1.000000,0.002872,-0.022091,-0.010131,-0.010601,-0.007866,0.009845,0.010998,0.009126,-0.007897,-0.009755,0.000000
1.000000,-0.019214,-0.021545,-0.011082,-0.012492,-0.009547,0.011514,0.011280,0.009291,-0.006688,-0.008112,0.000000
1.000000,0.006358,-0.017728,-0.011770,-0.012914,-0.008812,0.011313,0.010760,0.009089,-0.007758,-0.008065,0.000000
1.000000,-0.025406,-0.016873,-0.016447,-0.014225,-0.010229,0.011365,0.010448,0.008901,-0.007697,-0.010194,0.000000
1.000000,0.012650,-0.004548,-0.014119,-0.008490,-0.009580,0.011725,0.008848,0.008368,-0.006829,-0.013319,0.000000
1.000000,-0.014276,-0.007978,-0.015035,-0.006288,-0.009483,0.012615,0.005169,0.007141,-0.007430,-0.018077,0.000000
1.000000,-0.040698,-0.012274,-0.016910,-0.007782,-0.011232,0.011156,0.008427,0.007889,-0.001865,-0.026718,0.000000
1.000000,-0.110428,-0.035632,-0.026680,-0.014922,-0.014622,0.010255,0.018159,0.011590,0.007681,-0.034967,0.000000
1.000000,0.040203,-0.022510,-0.019692,-0.012382,-0.012880,0.009943,0.019243,0.009861,0.006531,-0.031451,0.000000
1.000000,0.046492,-0.015741,-0.010145,-0.009462,-0.010369,0.009956,0.020764,0.011643,0.007792,-0.035430,0.000000
1.000000,-0.002317,-0.013350,-0.010664,-0.010397,-0.010622,0.010044,0.018484,0.011440,0.006125,-0.036604,0.000000
1.000000,-0.020511,-0.009312,-0.010793,-0.010938,-0.011926,0.009177,0.019213,0.011891,0.006078,-0.039901,0.000000
1.000000,-0.016115,0.009551,-0.013041,-0.012405,-0.012956,0.010527,0.018807,0.014485,0.006075,-0.041499,0.000000
1.000000,0.015523,0.004614,-0.008948,-0.012697,-0.012466,0.010616,0.018982,0.014293,0.006692,-0.042011,0.000000
1.000000,0.005318,-0.003621,-0.009681,-0.011900,-0.008887,0.010267,0.019300,0.014527,0.007257,-0.043354,0.000000
1.000000,-0.013646,-0.005886,-0.009618,-0.012326,-0.007398,0.010147,0.019187,0.014725,0.007219,-0.044058,0.000000
1.000000,0.018056,0.001827,-0.003743,-0.010326,-0.006436,0.010713,0.019445,0.018915,0.009714,-0.051656,0.000000
1.000000,0.023196,0.009689,0.009620,-0.008530,-0.006741,0.010384,0.020055,0.018706,0.009070,-0.051291,0.000000
1.000000,0.006001,0.007785,0.006200,-0.006746,-0.006188,0.010557,0.019629,0.018597,0.008215,-0.050738,0.000000
1.000000,0.048383,0.016398,0.006389,-0.001878,-0.004178,0.008984,0.020148,0.010277,0.001360,-0.037072,0.000000
1.000000,-0.010643,0.016999,0.005556,-0.002554,-0.005080,0.009320,0.019911,0.010384,0.001661,-0.037410,0.000000
1.000000,0.016597,0.016707,0.009267,-0.000763,-0.004203,0.008846,0.018919,0.010636,0.001790,-0.039869,0.000000
1.000000,-0.011671,0.009733,0.009711,-0.001665,-0.005033,0.009053,0.019075,0.010451,0.002637,-0.039710,0.000000
1.000000,-0.042382,0.000057,0.003921,-0.002513,-0.007158,0.009028,0.020477,0.011257,0.004021,-0.040309,0.000000
1.000000,-0.000285,-0.009677,0.003361,-0.003160,-0.006813,0.008998,0.020395,0.011147,0.003998,-0.040460,0.000000
1.000000,0.004264,-0.006695,0.005152,-0.002233,-0.006500,0.009036,0.020325,0.011012,0.004052,-0.040084,0.000000
1.000000,0.029352,-0.004144,0.006281,0.001269,-0.004790,0.009316,0.020251,0.011418,0.003360,-0.039305,0.000000
1.000000,0.014766,0.001143,0.005438,0.007529,-0.003874,0.008987,0.020608,0.012792,0.004263,-0.043488,0.000000
1.000000,0.056977,0.021015,0.010536,0.008368,-0.000985,0.008435,0.022200,0.009661,0.001170,-0.035697,0.000000
1.000000,-0.036292,0.013814,0.002069,0.004229,-0.000562,0.008615,0.023903,0.012191,0.005570,-0.041588,0.000000
1.000000,-0.007741,0.011413,0.002359,0.003957,-0.000916,0.007989,0.024335,0.012655,0.005479,-0.042685,0.000000
1.000000,-0.007531,0.004036,-0.000054,0.004606,-0.000527,0.008160,0.024092,0.012564,0.005665,-0.042223,0.000000
1.000000,-0.003245,0.000434,0.000789,0.005250,-0.000847,0.007485,0.024216,0.013969,0.004633,-0.043944,0.000000
1.000000,0.024613,-0.006039,0.007488,0.005705,0.000820,0.006059,0.025015,0.009884,0.006846,-0.045204,0.000000
1.000000,-0.017192,-0.002219,0.005797,0.004579,-0.000174,0.006447,0.023459,0.005671,0.008344,-0.043709,0.000000
1.000000,0.013486,0.002026,0.006719,0.005936,0.000751,0.006766,0.022936,0.004032,0.007556,-0.043097,0.000000
1.000000,0.026696,0.008872,0.006454,0.006368,0.002998,0.005747,0.023522,0.005630,0.008373,-0.048939,0.000000
1.000000,0.011555,0.011832,0.006133,0.005786,0.007064,0.005295,0.026228,0.011917,0.009731,-0.062302,0.000000
1.000000,-0.031115,0.000686,-0.002677,0.003930,0.004686,0.006029,0.026268,0.008747,0.009339,-0.054665,0.000000
1.000000,-0.006341,0.002856,0.000319,0.001194,0.002925,0.006083,0.025758,0.007175,0.008922,-0.051292,0.000000
1.000000,0.011332,0.002426,0.002226,0.002292,0.003380,0.006973,0.026221,0.004615,0.008413,-0.044230,0.000000
1.000000,0.016632,0.000413,0.004642,0.002294,0.004618,0.006891,0.026845,0.005227,0.009488,-0.046547,0.000000
1.000000,0.018640,0.001830,0.006831,0.003810,0.005777,0.006524,0.026708,0.005061,0.009250,-0.047363,0.000000
1.000000,0.003535,0.008760,0.004723,0.006105,0.005377,0.005348,0.026791,0.001507,0.007191,-0.048330,0.000000
1.000000,0.027842,0.015596,0.009226,0.007512,0.006128,0.003920,0.026511,0.002171,0.008036,-0.044287,0.000000
1.000000,-0.001472,0.013035,0.007730,0.007225,0.006534,0.000854,0.025447,-0.003203,0.004839,-0.037579,0.000000
1.000000,0.009286,0.011566,0.005990,0.006222,0.006242,0.001965,0.025953,-0.004001,0.005641,-0.034525,0.000000
1.000000,-0.001948,0.007449,0.004639,0.005386,0.005403,0.002016,0.025048,-0.002776,0.008383,-0.034221,0.000000
1.000000,-0.053566,-0.003972,0.002394,-0.000141,0.003418,0.007255,0.020904,-0.005447,0.005224,-0.042467,0.000000
1.000000,-0.015810,-0.012702,0.001447,0.000883,0.001278,0.007481,0.021228,-0.005423,0.005246,-0.041871,0.000000
1.000000,-0.004188,-0.013245,-0.000105,0.001060,0.001493,0.005457,0.021178,-0.008298,0.002069,-0.036155,0.000000
1.000000,0.007318,-0.013639,-0.001036,0.001803,0.001184,0.005774,0.020355,-0.008656,0.001142,-0.036256,0.000000
1.000000,0.013965,-0.010456,-0.001504,0.002663,0.002038,0.005616,0.020435,-0.008231,0.001345,-0.037381,0.000000
1.000000,-0.029184,-0.005580,-0.004776,-0.000026,0.002478,0.005623,0.019669,-0.006973,0.002015,-0.040208,0.000000
1.000000,-0.009031,-0.004224,-0.008463,0.000382,0.002187,0.006833,0.019204,-0.008559,0.002397,-0.037475,0.000000
1.000000,-0.029513,-0.009289,-0.011267,-0.001768,0.001061,0.007530,0.019067,-0.011665,-0.001520,-0.030025,0.000000
1.000000,0.019862,-0.006780,-0.010210,-0.002110,0.000745,0.007020,0.019096,-0.013061,-0.001901,-0.028537,0.000000
1.000000,-0.005132,-0.010600,-0.010528,-0.002944,0.000081,0.007394,0.018887,-0.013299,-0.001007,-0.029184,0.000000
1.000000,0.020105,-0.000742,-0.003161,-0.000383,-0.001148,0.008363,0.018273,-0.010630,-0.000812,-0.041677,0.000000
1.000000,0.005294,0.002123,-0.001050,0.000198,0.000238,0.012018,0.017243,-0.017459,0.011855,-0.039472,0.000000
1.000000,-0.018115,0.004403,-0.002443,-0.001274,-0.000107,0.012044,0.017619,-0.017452,0.012751,-0.039588,0.000000
1.000000,-0.024767,-0.004523,-0.005652,-0.003344,-0.000682,0.012820,0.018196,-0.018382,0.013811,-0.036325,0.000000
1.000000,-0.006635,-0.004823,-0.007712,-0.004608,-0.000795,0.013032,0.018464,-0.017743,0.015278,-0.037146,0.000000
1.000000,-0.004170,-0.009678,-0.005210,-0.004993,-0.001754,0.014211,0.019035,-0.013744,0.018241,-0.039832,0.000000
1.000000,0.024489,-0.005839,-0.001858,-0.005161,-0.000365,0.013676,0.018748,-0.013604,0.016288,-0.041366,0.000000
1.000000,-0.040211,-0.010259,-0.002928,-0.007097,-0.002155,0.013287,0.018911,-0.013326,0.015365,-0.040922,0.000000
1.000000,-0.028122,-0.010930,-0.007726,-0.008968,-0.003982,0.012832,0.019091,-0.013065,0.016451,-0.046240,0.000000
1.000000,0.024153,-0.004772,-0.004798,-0.007663,-0.003562,0.014703,0.014265,-0.013442,0.009168,-0.029429,0.000000
1.000000,0.008205,-0.002297,-0.005988,-0.004574,-0.002252,0.013864,0.014155,-0.012373,0.008539,-0.031037,0.000000
1.000000,-0.002822,-0.007759,-0.006799,-0.003925,-0.002134,0.013813,0.014003,-0.012595,0.008346,-0.029745,0.000000
1.000000,0.012635,0.002810,-0.003724,-0.003084,-0.002091,0.012820,0.015916,-0.013190,0.010295,-0.030744,0.000000
1.000000,-0.034489,0.001537,-0.004697,-0.005174,-0.003795,0.008427,0.015417,-0.010932,0.006014,-0.041773,0.000000
1.000000,0.019590,0.000624,-0.002074,-0.004893,-0.003763,0.006809,0.016735,-0.011919,0.008776,-0.044291,0.000000
1.000000,-0.038983,-0.008814,-0.005555,-0.005383,-0.005180,0.006905,0.017860,-0.012896,0.010104,-0.043899,0.000000
1.000000,0.019826,-0.004284,-0.006022,-0.003940,-0.005448,0.007467,0.017198,-0.012949,0.008095,-0.042739,0.000000
1.000000,0.000577,-0.006696,-0.001943,-0.002435,-0.005379,0.007978,0.017097,-0.013201,0.007219,-0.040427,0.000000
1.000000,-0.002311,-0.000260,0.000638,-0.003544,-0.005766,0.007488,0.017607,-0.013878,0.005689,-0.036675,0.000000
1.000000,0.046060,0.005034,0.002829,-0.000984,-0.004166,0.009138,0.019222,-0.014363,0.007441,-0.031898,0.000000
1.000000,-0.005261,0.011778,0.001482,-0.002253,-0.002555,0.009039,0.019943,-0.014654,0.006153,-0.029122,0.000000
1.000000,-0.033021,0.001209,-0.001538,-0.004169,-0.003129,0.008386,0.019715,-0.016089,0.009234,-0.029580,0.000000
1.000000,-0.004313,0.000231,-0.003232,-0.003478,-0.003133,0.008951,0.020238,-0.013412,0.007858,-0.028335,0.000000
1.000000,0.010321,0.002757,0.001248,-0.001724,-0.003033,0.008738,0.020649,-0.013493,0.007696,-0.026791,0.000000
1.000000,0.003417,-0.005772,-0.000369,-0.001221,-0.003385,0.008735,0.020738,-0.013525,0.007297,-0.026793,0.000000
1.000000,0.034915,0.002264,0.007021,0.000733,-0.001248,0.008970,0.020454,-0.013019,0.006168,-0.025646,0.000000
1.000000,0.000823,0.009033,0.005121,-0.000451,-0.000920,0.009092,0.020479,-0.013237,0.006200,-0.024289,0.000000
1.000000,-0.012697,0.007356,0.003793,0.000925,-0.000359,0.009105,0.020584,-0.013005,0.006022,-0.024801,0.000000
1.000000,0.003051,0.005902,0.004329,0.002484,-0.000920,0.009244,0.021692,-0.013035,0.006974,-0.024041,0.000000
1.000000,0.007449,0.006708,0.000468,0.001649,-0.000500,0.009374,0.021412,-0.013278,0.006696,-0.023166,0.000000
1.000000,-0.004132,-0.001101,0.000581,0.001032,-0.001308,0.009954,0.016767,-0.013887,0.006666,-0.022194,0.000000
1.000000,-0.001381,-0.001542,0.003745,0.001104,-0.001531,0.009801,0.015386,-0.014957,0.001950,-0.018074,0.000000
1.000000,-0.008605,-0.000724,0.003316,0.000042,-0.001214,0.009282,0.015259,-0.015081,0.001330,-0.018870,0.000000
1.000000,0.001671,-0.000999,0.002451,0.001850,-0.000332,0.009858,0.014994,-0.014556,0.002396,-0.018751,0.000000
1.000000,-0.017690,-0.006027,0.000341,-0.000014,-0.000701,0.010042,0.014975,-0.014696,0.002904,-0.019224,0.000000
1.000000,0.007620,-0.003677,-0.002389,0.002316,-0.000308,0.010034,0.015049,-0.014013,0.003081,-0.019224,0.000000
1.000000,0.003648,-0.002671,-0.002107,0.001507,-0.001003,0.010272,0.016747,-0.010588,-0.000586,-0.017015,0.000000
1.000000,-0.023524,-0.005655,-0.003189,0.000302,-0.000446,0.010347,0.017089,-0.010612,-0.000154,-0.017031,0.000000
1.000000,-0.056939,-0.017377,-0.009188,-0.002429,-0.001407,0.009618,0.017667,-0.010530,-0.002174,-0.019703,0.000000
1.000000,0.004543,-0.012930,-0.009479,-0.004505,-0.002060,0.009616,0.016973,-0.010832,-0.002203,-0.020529,0.000000
1.000000,0.082620,0.002070,-0.000804,-0.000111,0.000420,0.008931,0.014752,-0.010213,-0.006135,-0.027893,0.000000
1.000000,0.052308,0.011802,0.004565,0.004155,0.002258,0.010514,0.015397,-0.008793,-0.007481,-0.025676,0.000000
1.000000,-0.020812,0.012344,0.003345,0.003330,0.001143,0.010700,0.016272,-0.007701,-0.007314,-0.026248,0.000000
1.000000,-0.012753,0.021181,0.001902,0.002177,0.001867,0.010185,0.015810,-0.008904,-0.007016,-0.024992,0.000000
1.000000,0.011404,0.022553,0.004812,0.002576,0.001594,0.009393,0.014815,-0.008606,-0.007508,-0.028230,0.000000
1.000000,0.039439,0.013917,0.007993,0.002802,0.004208,0.009609,0.014704,-0.009408,-0.006213,-0.030456,0.000000
1.000000,-0.035397,-0.003624,0.004089,0.000991,0.002368,0.010180,0.013231,-0.008848,-0.007892,-0.031331,0.000000
1.000000,0.007501,0.002039,0.007191,0.002001,0.002598,0.009662,0.013803,-0.008531,-0.009679,-0.028595,0.000000
1.000000,0.003463,0.005282,0.013232,0.002022,0.002791,0.009403,0.013022,-0.008407,-0.010624,-0.029211,0.000000
1.000000,-0.020148,-0.001029,0.010762,0.000642,0.000584,0.009557,0.016277,-0.006522,-0.016699,-0.028035,0.000000
1.000000,-0.001086,-0.009134,0.002392,0.000794,0.000723,0.008448,0.017340,-0.004011,-0.013777,-0.031876,0.000000
1.000000,0.032869,0.004520,0.000448,0.002507,0.002920,0.008772,0.016341,-0.004635,-0.014256,-0.031530,0.000000
1.000000,0.024667,0.007953,0.004996,0.004170,0.003886,0.009715,0.016143,-0.005516,-0.014148,-0.030406,0.000000
1.000000,-0.012647,0.004731,0.005006,0.003454,0.003120,0.009756,0.015688,-0.005058,-0.013485,-0.030959,0.000000
1.000000,-0.025784,0.003604,0.001288,0.003050,0.002147,0.009882,0.015591,-0.005151,-0.013883,-0.030464,0.000000
1.000000,0.046350,0.013091,0.001979,0.004986,0.002528,0.011797,0.016383,-0.004762,-0.012380,-0.029275,0.000000
1.000000,-0.027342,0.001049,0.002784,0.003437,0.001589,0.011267,0.016178,-0.005879,-0.012267,-0.029586,0.000000
1.000000,-0.011044,-0.006093,0.000930,0.004061,0.001644,0.011222,0.018864,-0.003778,-0.006073,-0.029481,0.000000
1.000000,-0.014649,-0.006494,-0.000882,0.006175,0.001054,0.012248,0.017063,-0.006196,-0.004709,-0.030310,0.000000
1.000000,-0.014050,-0.004147,-0.000272,0.005245,0.000337,0.011166,0.013327,-0.005067,-0.009112,-0.035088,0.000000
1.000000,0.008940,-0.011629,0.000731,0.001561,0.000773,0.012297,0.010828,0.000425,-0.009474,-0.034987,0.000000
1.000000,0.002424,-0.005676,-0.002314,-0.000933,0.000900,0.012144,0.010137,0.000171,-0.008321,-0.036796,0.000000
1.000000,0.000538,-0.003360,-0.004727,0.000135,0.001205,0.012079,0.007782,-0.001338,-0.012758,-0.033871,0.000000
1.000000,0.006433,0.000857,-0.002819,0.001094,0.001363,0.011219,0.006738,-0.001389,-0.015987,-0.032269,0.000000
1.000000,0.030261,0.009719,0.002786,0.002037,0.002962,0.011623,0.006704,-0.000417,-0.015496,-0.033519,0.000000
1.000000,-0.021749,0.003582,-0.004024,-0.001023,0.001983,0.011472,0.006906,-0.002579,-0.015801,-0.031157,0.000000
1.000000,0.028208,0.008738,0.001531,0.002158,0.002801,0.011457,0.006814,-0.002715,-0.016463,-0.031001,0.000000
1.000000,0.014826,0.011596,0.004118,0.002524,0.004080,0.011397,0.006376,-0.003082,-0.017734,-0.030195,0.000000
1.000000,-0.000254,0.010259,0.005558,0.002338,0.005969,0.011262,0.006251,-0.004402,-0.017761,-0.027821,0.000000
1.000000,0.037364,0.011679,0.010699,0.005214,0.007063,0.011215,0.006113,-0.004453,-0.017813,-0.027984,0.000000
1.000000,0.004635,0.016956,0.010269,0.005500,0.004464,0.011664,0.006585,-0.003328,-0.016114,-0.026871,0.000000
1.000000,0.034680,0.018250,0.013494,0.005590,0.003876,0.011633,0.006333,-0.006286,-0.018559,-0.021944,0.000000
1.000000,0.014701,0.018225,0.014911,0.005092,0.005060,0.011958,0.006481,-0.005820,-0.018352,-0.021985,0.000000
1.000000,-0.033446,0.011587,0.010923,0.004052,0.004370,0.014124,0.008721,-0.008617,-0.009560,-0.017189,0.000000
1.000000,-0.025963,-0.001079,0.005300,0.004043,0.003125,0.014241,0.008502,-0.007118,-0.010589,-0.019028,0.000000
1.000000,-0.010130,-0.004032,0.006462,0.001219,0.001472,0.014087,0.007517,-0.004361,-0.011930,-0.020776,0.000000
1.000000,0.059528,0.000938,0.009594,0.005563,0.004637,0.014750,0.008008,-0.006535,-0.007642,-0.022330,0.000000
1.000000,0.007227,-0.000557,0.008834,0.006476,0.004627,0.014677,0.007617,-0.005610,-0.009222,-0.023038,0.000000
1.000000,0.038729,0.013878,0.012733,0.009145,0.005803,0.014526,0.007051,-0.005279,-0.010048,-0.026031,0.000000
1.000000,0.023847,0.023840,0.011381,0.011040,0.007269,0.013577,0.005268,-0.003207,-0.012290,-0.031417,0.000000
1.000000,0.012361,0.028339,0.012153,0.011211,0.007718,0.014087,0.006114,-0.003440,-0.008992,-0.031867,0.000000
1.000000,-0.012797,0.013873,0.007406,0.010450,0.006195,0.014019,0.005196,-0.002866,-0.012006,-0.030089,0.000000
1.000000,-0.014069,0.009614,0.004529,0.009720,0.004904,0.014146,0.005629,-0.004582,-0.011593,-0.026739,0.000000
1.000000,-0.009342,-0.000000,0.006939,0.008931,0.005014,0.014144,0.005589,-0.004550,-0.011656,-0.026727,0.000000
1.000000,0.004014,-0.003967,0.009937,0.007619,0.006008,0.014149,0.005519,-0.003356,-0.011380,-0.028511,0.000000
1.000000,-0.015702,-0.009579,0.009380,0.007921,0.003939,0.014277,0.005525,-0.003059,-0.010411,-0.028516,0.000000
1.000000,0.027430,-0.001534,0.006170,0.007882,0.005765,0.014469,0.006353,-0.002814,-0.009567,-0.028399,0.000000
1.000000,-0.004409,0.000398,0.005006,0.006920,0.005986,0.014380,0.006577,-0.002383,-0.008609,-0.029297,0.000000
1.000000,0.013824,0.005031,0.002516,0.007624,0.006935,0.014273,0.006039,-0.000005,-0.010348,-0.032502,0.000000
1.000000,-0.008975,0.002433,-0.000767,0.005307,0.007104,0.014238,0.006030,0.000667,-0.010538,-0.033907,0.000000
1.000000,0.018517,0.009277,-0.000151,0.006001,0.007424,0.014279,0.006190,0.000993,-0.009894,-0.036017,0.000000
1.000000,0.005596,0.004911,0.001688,0.004547,0.007529,0.014348,0.006114,-0.003797,-0.006854,-0.031538,0.000000
1.000000,-0.057196,-0.005647,-0.002624,0.000952,0.005605,0.015154,0.007059,-0.004239,-0.003725,-0.033899,0.000000
1.000000,0.019134,-0.004585,0.000223,0.003581,0.006028,0.014841,0.006883,-0.004538,-0.005620,-0.033899,0.000000
1.000000,0.033113,0.003833,0.003133,0.006535,0.006123,0.015028,0.007224,-0.002953,-0.005787,-0.035153,0.000000
1.000000,-0.010190,-0.001908,0.003684,0.006532,0.006509,0.015088,0.007303,-0.004205,-0.006837,-0.033179,0.000000
1.000000,0.007814,-0.001465,0.001723,0.003946,0.005829,0.015088,0.007401,-0.003723,-0.006942,-0.033777,0.000000
1.000000,-0.000216,0.009931,0.002142,0.003574,0.005328,0.014312,0.006536,-0.003344,-0.009321,-0.033794,0.000000
1.000000,0.027095,0.011523,0.003469,0.002992,0.006239,0.014722,0.006423,-0.003899,-0.007475,-0.027847,0.000000
1.000000,-0.034475,-0.001994,0.000919,0.000076,0.003845,0.015144,0.006359,-0.003157,-0.006576,-0.029550,0.000000
1.000000,-0.014926,-0.002942,-0.002425,-0.001288,0.003192,0.015176,0.007343,-0.002609,-0.003158,-0.027558,0.000000
1.000000,-0.035107,-0.011526,-0.006495,-0.002404,0.000866,0.015795,0.007082,-0.002403,-0.003175,-0.025298,0.000000
1.000000,-0.034486,-0.018380,-0.004224,-0.003424,-0.000773,0.015563,0.005625,-0.002030,-0.006838,-0.027232,0.000000
1.000000,0.007087,-0.022381,-0.005429,-0.002603,0.000578,0.015357,0.006533,-0.001432,-0.008114,-0.024471,0.000000
1.000000,0.053844,-0.004718,-0.003356,-0.000111,0.003238,0.015731,0.007244,-0.002663,-0.007185,-0.020946,0.000000
1.000000,0.038508,0.005969,0.001514,0.002599,0.004859,0.015476,0.007363,-0.001652,-0.007748,-0.020191,0.000000
1.000000,-0.000644,0.012862,0.000668,0.001195,0.002854,0.015492,0.007997,-0.002332,-0.006026,-0.018878,0.000000
1.000000,0.004072,0.020574,0.001097,0.001620,0.002748,0.015638,0.007590,-0.000577,-0.004983,-0.024462,0.000000
1.000000,-0.030625,0.013031,-0.004675,-0.000603,0.000437,0.015118,0.006910,-0.002193,-0.007423,-0.025594,0.000000
1.000000,0.019656,0.006194,0.000738,0.000829,0.000297,0.014889,0.006424,-0.001850,-0.008154,-0.026731,0.000000
1.000000,0.002807,-0.000947,0.002511,0.000043,-0.000022,0.015634,0.006881,-0.004097,-0.008392,-0.021227,0.000000
1.000000,0.004089,-0.000000,0.006431,-0.000032,0.000541,0.015779,0.006765,-0.003677,-0.007850,-0.020497,0.000000
1.000000,-0.006032,-0.002021,0.009276,0.002526,0.000809,0.015606,0.006903,-0.003501,-0.008101,-0.019850,0.000000
1.000000,-0.004765,0.003151,0.008091,0.001331,0.000962,0.015659,0.006969,-0.003638,-0.008100,-0.019524,0.000000
1.000000,-0.019290,-0.004638,0.000778,-0.001289,0.000185,0.015967,0.007645,-0.003869,-0.006614,-0.019359,0.000000
1.000000,-0.001994,-0.005598,-0.003273,-0.000879,0.000642,0.014472,0.007723,-0.005246,-0.007451,-0.018617,0.000000
1.000000,-0.036129,-0.013642,-0.006821,-0.003077,-0.001477,0.015123,0.008315,-0.005407,-0.008287,-0.016437,0.000000
1.000000,0.023632,-0.007709,-0.004865,-0.001884,-0.000542,0.015508,0.007529,-0.006829,-0.012073,-0.015963,0.000000
1.000000,-0.094367,-0.025630,-0.011239,-0.007957,-0.004148,0.010051,0.007445,-0.005642,-0.020903,-0.011927,0.000000
1.000000,0.018825,-0.018007,-0.011322,-0.005292,-0.003222,0.009656,0.008196,-0.006833,-0.021082,-0.010439,0.000000
1.000000,-0.015622,-0.020732,-0.013165,-0.005327,-0.004360,0.009026,0.009270,-0.009032,-0.022899,-0.012216,0.000000
1.000000,-0.014870,-0.016480,-0.015061,-0.004315,-0.005042,0.008994,0.009923,-0.009373,-0.024580,-0.009839,0.000000
1.000000,-0.039470,-0.029101,-0.018405,-0.004564,-0.004451,0.009315,0.009880,-0.007736,-0.025423,-0.009772,0.000000
1.000000,-0.189307,-0.048089,-0.036859,-0.014384,-0.011399,0.010000,0.011051,-0.009969,-0.035126,-0.027294,0.000000
1.000000,0.037880,-0.044278,-0.031142,-0.015182,-0.011240,0.009294,0.011876,-0.011207,-0.036485,-0.024357,0.000000
1.000000,0.016187,-0.037916,-0.029324,-0.016298,-0.010361,0.009330,0.011321,-0.010617,-0.036202,-0.027662,0.000000
1.000000,-0.021034,-0.039149,-0.027815,-0.017318,-0.011323,0.009477,0.011334,-0.010912,-0.036373,-0.027137,0.000000
1.000000,-0.009152,-0.033085,-0.031093,-0.017979,-0.011620,0.008665,0.011095,-0.012722,-0.037671,-0.024731,0.000000
1.000000,-0.012645,0.002247,-0.022921,-0.017080,-0.012945,0.009644,0.010840,-0.013251,-0.038398,-0.017737,0.000000
1.000000,-0.028969,-0.011123,-0.027700,-0.019511,-0.012762,0.009914,0.010698,-0.012910,-0.034062,-0.019210,0.000000
1.000000,0.000319,-0.014296,-0.026106,-0.019636,-0.012253,0.009651,0.010493,-0.014249,-0.036137,-0.018745,0.000000
1.000000,-0.036758,-0.017441,-0.028295,-0.021678,-0.012308,0.009718,0.010525,-0.012115,-0.035752,-0.020704,0.000000
1.000000,-0.005649,-0.016740,-0.024913,-0.021659,-0.011347,0.009123,0.009877,-0.014219,-0.038295,-0.016748,0.000000
1.000000,-0.020876,-0.018387,-0.008070,-0.022465,-0.012279,0.009673,0.009948,-0.016025,-0.038509,-0.012592,0.000000
1.000000,0.012511,-0.010091,-0.010607,-0.020874,-0.013657,0.010106,0.009664,-0.012691,-0.037095,-0.015502,0.000000
1.000000,0.002685,-0.009618,-0.011957,-0.020641,-0.014851,0.009614,0.009892,-0.012673,-0.037675,-0.020811,0.000000
1.000000,-0.005376,-0.003341,-0.010391,-0.019103,-0.015009,0.008880,0.009821,-0.011468,-0.038829,-0.018838,0.000000
1.000000,0.022653,0.002319,-0.007211,-0.019152,-0.014390,0.008882,0.009959,-0.012057,-0.037497,-0.018306,0.000000
1.000000,0.016659,0.009826,-0.004280,-0.013601,-0.012813,0.008479,0.010178,-0.009952,-0.036974,-0.019744,0.000000
1.000000,-0.009439,0.005436,-0.002327,-0.015014,-0.013783,0.008421,0.009987,-0.010269,-0.038147,-0.017230,0.000000
1.000000,0.001634,0.005226,-0.002196,-0.014151,-0.013822,0.008071,0.009161,-0.009301,-0.039563,-0.018134,0.000000
1.000000,0.025783,0.011458,0.004058,-0.012118,-0.013099,0.007873,0.009538,-0.009547,-0.041265,-0.017969,0.000000
1.000000,0.020158,0.010959,0.006639,-0.009137,-0.012226,0.007863,0.009481,-0.008892,-0.041149,-0.019428,0.000000
1.000000,-0.002185,0.007190,0.008508,0.000219,-0.012140,0.007806,0.010670,-0.008371,-0.038976,-0.020089,0.000000
1.000000,0.011187,0.011315,0.008376,-0.001115,-0.011124,0.007793,0.010565,-0.008371,-0.039279,-0.020233,0.000000
1.000000,-0.028524,0.005284,0.005255,-0.003351,-0.012009,0.007448,0.010802,-0.006759,-0.041544,-0.020960,0.000000
1.000000,0.013580,0.002843,0.007151,-0.001620,-0.010352,0.007322,0.009510,-0.007012,-0.042509,-0.021574,0.000000
1.000000,0.003288,-0.000531,0.005214,-0.000998,-0.011030,0.007372,0.009358,-0.007153,-0.042660,-0.021446,0.000000
1.000000,0.002342,0.000375,0.003782,-0.000249,-0.007806,0.007456,0.010042,-0.007249,-0.040834,-0.022581,0.000000
1.000000,0.017929,0.001723,0.006519,0.002096,-0.007836,0.007478,0.009768,-0.006307,-0.042291,-0.021034,0.000000
1.000000,0.018215,0.011071,0.008177,0.002991,-0.006708,0.007466,0.010057,-0.005329,-0.040849,-0.021930,0.000000
1.000000,-0.009977,0.006360,0.004601,0.004330,-0.006545,0.006008,0.012812,0.005570,-0.042952,-0.033468,0.000000
1.000000,-0.036514,-0.001601,-0.001066,0.002787,-0.006447,0.005780,0.012009,0.006054,-0.043607,-0.033161,0.000000
1.000000,0.024285,0.002788,0.001581,0.005045,0.000673,0.006755,0.012166,0.002243,-0.043712,-0.026985,0.000000
1.000000,-0.035696,-0.007937,-0.003107,0.002634,-0.001779,0.007185,0.011941,-0.000395,-0.042856,-0.024882,0.000000
1.000000,-0.013156,-0.014212,-0.001570,0.001842,-0.002757,0.007379,0.012009,-0.000684,-0.042890,-0.023675,0.000000
1.000000,0.032415,-0.005733,0.000313,0.003732,-0.000976,0.007298,0.012021,-0.001761,-0.046792,-0.020345,0.000000
1.000000,0.008097,0.003189,0.000794,0.003004,-0.000401,0.007047,0.013653,-0.000315,-0.045916,-0.022843,0.000000
1.000000,0.003097,-0.001049,0.000870,0.002326,0.000124,0.006873,0.017176,0.002017,-0.044296,-0.027272,0.000000
1.000000,0.003087,0.006708,-0.000615,0.002952,0.001192,0.006571,0.018403,0.002253,-0.043577,-0.028705,0.000000
1.000000,0.016812,0.012702,-0.000755,0.003711,0.001742,0.006718,0.017975,0.001434,-0.043046,-0.027933,0.000000
1.000000,0.052550,0.016729,0.005498,0.005050,0.004719,0.007143,0.021044,0.002809,-0.040721,-0.027888,0.000000
1.000000,0.008876,0.016885,0.010037,0.004486,0.005203,0.007052,0.021032,0.002636,-0.043001,-0.027819,0.000000
1.000000,0.015276,0.019320,0.009136,0.005359,0.006408,0.007857,0.018347,0.000378,-0.044149,-0.026281,0.000000
1.000000,-0.023577,0.013988,0.010348,0.003620,0.005205,0.008309,0.016778,-0.001719,-0.045667,-0.021775,0.000000
1.000000,-0.012146,0.008196,0.010449,0.004439,0.004711,0.007386,0.019146,-0.000408,-0.043034,-0.023109,0.000000
1.000000,0.000291,-0.002256,0.007236,0.003775,0.004900,0.007389,0.017770,0.000243,-0.045450,-0.022615,0.000000
1.000000,-0.012586,-0.006548,0.005168,0.002981,0.003725,0.007456,0.017739,0.001415,-0.044360,-0.023864,0.000000
1.000000,-0.008579,-0.011319,0.004001,0.002435,0.002884,0.007407,0.017425,-0.000128,-0.046489,-0.023283,0.000000
1.000000,0.010050,-0.004594,0.004697,0.002041,0.003534,0.007214,0.017865,0.000616,-0.045298,-0.025042,0.000000
1.000000,-0.035932,-0.009351,-0.000578,-0.000666,0.002282,0.006313,0.016702,0.002600,-0.044624,-0.024870,0.000000
1.000000,-0.011036,-0.011617,-0.006936,-0.000719,0.001054,0.006375,0.015629,0.000744,-0.046386,-0.023243,0.000000
1.000000,0.027666,-0.003566,-0.005057,0.002490,0.001305,0.006658,0.015749,-0.000649,-0.046780,-0.022382,0.000000
1.000000,0.027504,0.003650,-0.003835,0.002651,0.002294,0.006715,0.015840,-0.001033,-0.048006,-0.021628,0.000000
1.000000,-0.027504,-0.003861,-0.004227,0.003060,0.001004,0.006800,0.014077,-0.002220,-0.050425,-0.019970,0.000000
1.000000,-0.046020,-0.005878,-0.007615,0.001417,0.000421,0.008128,0.012707,-0.002001,-0.048305,-0.024371,0.000000
1.000000,-0.039384,-0.011548,-0.011582,-0.002173,-0.001344,0.008211,0.014769,-0.000349,-0.047453,-0.029235,0.000000
1.000000,-0.006553,-0.018391,-0.010979,-0.002905,-0.001672,0.007209,0.014284,0.002021,-0.049589,-0.031912,0.000000
1.000000,-0.002304,-0.024353,-0.010351,-0.003175,-0.001827,0.012367,0.013267,-0.001625,-0.043515,-0.029943,0.000000
1.000000,-0.000989,-0.019050,-0.011455,-0.003379,-0.002458,0.012907,0.013884,0.000568,-0.041684,-0.031327,0.000000
1.000000,-0.010610,-0.011968,-0.008923,-0.004750,-0.003419,0.013047,0.014038,0.001994,-0.041347,-0.034181,0.000000
1.000000,0.016201,-0.000851,-0.006199,-0.006568,-0.002546,0.013072,0.012859,0.000654,-0.044606,-0.031761,0.000000
1.000000,0.005886,0.001637,-0.008377,-0.006717,-0.001133,0.012745,0.013571,-0.000050,-0.043282,-0.031416,0.000000
1.000000,-0.023088,-0.002520,-0.013437,-0.008636,-0.002712,0.010164,0.006230,-0.005605,-0.026179,-0.003468,0.000000
1.000000,0.002999,-0.001722,-0.010386,-0.007307,-0.001422,0.009539,0.005483,-0.005803,-0.025385,-0.003065,0.000000
1.000000,-0.002331,-0.000067,-0.006017,-0.006816,-0.001061,0.009625,0.007527,-0.005579,-0.024762,-0.000168,0.000000
1.000000,-0.008035,-0.004914,-0.002882,-0.007232,-0.002409,0.009079,0.006211,-0.005097,-0.024125,-0.000325,0.000000
1.000000,0.034686,0.000846,0.001241,-0.004869,-0.001523,0.011337,0.008940,-0.002026,-0.016357,-0.006955,0.000000
1.000000,0.006150,0.006694,0.002087,-0.004132,-0.001421,0.011082,0.009318,-0.002611,-0.016164,-0.008842,0.000000
1.000000,-0.006475,0.004799,0.001538,-0.004959,-0.001740,0.011365,0.011854,-0.002328,-0.020116,-0.009013,0.000000
1.000000,-0.005863,0.004093,0.002013,-0.003455,-0.002496,0.011560,0.010938,-0.001992,-0.019620,-0.010328,0.000000
1.000000,0.003587,0.006417,0.000752,-0.002724,-0.004128,0.011323,0.009744,-0.001992,-0.014342,-0.014176,0.000000
1.000000,-0.002934,-0.001107,-0.000131,-0.004254,-0.004522,0.011832,0.009580,0.001474,-0.011793,-0.021038,0.000000
1.000000,0.023872,0.002437,0.004566,-0.004436,-0.004235,0.011789,0.010423,0.004164,-0.011461,-0.021273,0.000000
1.000000,-0.034704,-0.003208,0.000795,-0.004796,-0.004606,0.012448,0.013932,0.000382,-0.005095,-0.014230,0.000000
1.000000,-0.014963,-0.005028,-0.000468,-0.003243,-0.004700,0.012471,0.012767,-0.000152,-0.003901,-0.008409,0.000000
1.000000,-0.101460,-0.026038,-0.009810,-0.006346,-0.008092,0.009052,0.016371,0.008383,-0.010142,-0.020438,0.000000
1.000000,0.010328,-0.023385,-0.012246,-0.005502,-0.007328,0.009123,0.016465,0.008556,-0.010224,-0.020443,0.000000
1.000000,-0.031311,-0.034422,-0.015992,-0.006953,-0.008086,0.009800,0.016441,0.007351,-0.009557,-0.019133,0.000000
1.000000,-0.006839,-0.028849,-0.016029,-0.007245,-0.008649,0.009971,0.016080,0.007834,-0.009226,-0.020508,0.000000
1.000000,0.017385,-0.022379,-0.013704,-0.005845,-0.006871,0.010112,0.015831,0.006233,-0.010097,-0.017381,0.000000
1.000000,0.017456,0.001404,-0.012317,-0.005783,-0.005922,0.010683,0.015928,0.008270,-0.011437,-0.020562,0.000000
1.000000,-0.032366,-0.007135,-0.015260,-0.007695,-0.007923,0.010854,0.013480,0.007982,-0.011830,-0.021592,0.000000
1.000000,0.013410,0.001809,-0.016306,-0.005870,-0.008392,0.010751,0.013365,0.008235,-0.013129,-0.022779,0.000000
1.000000,0.026658,0.008509,-0.010170,-0.004687,-0.006587,0.010704,0.013346,0.007920,-0.013389,-0.021435,0.000000
1.000000,-0.004394,0.004153,-0.009113,-0.004791,-0.005199,0.010150,0.013810,0.005037,-0.011859,-0.016667,0.000000
1.000000,-0.008846,-0.001108,0.000148,-0.004831,-0.004182,0.010228,0.013664,0.004225,-0.011328,-0.013741,0.000000
1.000000,0.030626,0.011491,0.002178,-0.005034,-0.002942,0.010408,0.014931,0.005352,-0.011455,-0.015703,0.000000
1.000000,0.024824,0.013774,0.007791,-0.004100,-0.002038,0.010374,0.014667,0.006635,-0.012942,-0.017258,0.000000
1.000000,0.002798,0.009002,0.008755,-0.003637,-0.001912,0.009940,0.014315,0.005717,-0.012441,-0.018662,0.000000
1.000000,-0.003850,0.009110,0.006632,-0.003536,-0.001686,0.010119,0.014559,0.006269,-0.010817,-0.018393,0.000000
1.000000,-0.014302,0.008019,0.003456,-0.004431,-0.002703,0.010012,0.015319,0.006266,-0.011070,-0.020109,0.000000
1.000000,-0.014510,-0.001008,0.005241,-0.005009,-0.003383,0.009774,0.014995,0.005232,-0.010637,-0.016381,0.000000
1.000000,0.012552,-0.003462,0.005156,-0.005575,-0.002195,0.009220,0.014531,0.007330,-0.011627,-0.020717,0.000000
1.000000,-0.025629,-0.009148,-0.000073,-0.005122,-0.003149,0.008845,0.013520,0.008056,-0.011335,-0.022950,0.000000
1.000000,0.033085,-0.001761,0.003675,-0.002719,-0.001969,0.007605,0.012990,0.007496,-0.013936,-0.024344,0.000000
1.000000,0.026184,0.006336,0.007178,0.003663,-0.000828,0.007703,0.012970,0.009425,-0.009513,-0.028258,0.000000
1.000000,0.003783,0.009995,0.004494,0.003336,-0.001858,0.008323,0.012730,0.008681,-0.009191,-0.026726,0.000000
1.000000,0.007183,0.008921,0.002729,0.005260,-0.001824,0.008184,0.012269,0.008718,-0.009534,-0.027033,0.000000
1.000000,-0.002389,0.013569,0.002211,0.005483,-0.001688,0.009109,0.011832,0.009931,-0.009436,-0.027082,0.000000
1.000000,0.008166,0.008586,0.003412,0.005022,-0.001220,0.009259,0.010843,0.007925,-0.007249,-0.022858,0.000000
1.000000,0.016801,0.006709,0.006523,0.004989,-0.000779,0.004788,0.007527,0.003679,-0.008967,-0.027571,0.000000
1.000000,-0.006351,0.004682,0.007339,0.006290,-0.000893,0.005174,0.007452,0.003793,-0.008597,-0.026929,0.000000
1.000000,0.014317,0.006109,0.007515,0.006335,-0.001212,0.005107,0.009542,0.005479,-0.007304,-0.027190,0.000000
1.000000,0.002311,0.007049,0.010309,0.005118,0.000022,0.004600,0.011147,0.006976,-0.006647,-0.031215,0.000000
1.000000,-0.013615,0.002693,0.005639,0.004657,0.000067,0.005245,0.010345,0.006930,-0.006694,-0.031182,0.000000
1.000000,0.006332,0.000599,0.003654,0.005416,0.003660,0.004835,0.010676,0.006004,-0.006548,-0.031423,0.000000
1.000000,0.004310,0.002731,0.003707,0.004100,0.003459,0.005355,0.010923,0.006581,-0.005494,-0.030725,0.000000
1.000000,0.008236,0.001515,0.003812,0.003271,0.004778,0.005213,0.010049,0.004262,-0.005186,-0.029005,0.000000
1.000000,0.026867,0.006426,0.006737,0.004474,0.005901,0.006167,0.009697,0.003505,-0.005772,-0.027486,0.000000
1.000000,-0.007051,0.007739,0.005216,0.004314,0.005087,0.006183,0.009009,0.004080,-0.005716,-0.027322,0.000000
1.000000,0.000964,0.006665,0.003632,0.005077,0.004537,0.005704,0.009081,0.004101,-0.005416,-0.028325,0.000000
1.000000,-0.002574,0.005288,0.004010,0.005674,0.005530,0.005834,0.008233,0.006804,-0.004739,-0.030109,0.000000
1.000000,-0.003550,0.002931,0.002223,0.004869,0.004965,0.004092,0.008293,0.006536,-0.003497,-0.032270,0.000000
1.000000,0.013807,0.000319,0.003373,0.006841,0.004536,0.003366,0.010663,0.006851,-0.000453,-0.030082,0.000000
1.000000,0.015504,0.004830,0.006284,0.005962,0.005199,0.003893,0.013494,0.009442,0.002690,-0.021324,0.000000
1.000000,-0.027696,-0.000902,0.002882,0.003268,0.004571,0.006394,0.013694,0.010350,0.002013,-0.015116,0.000000
1.000000,0.000161,-0.000355,0.002467,0.003087,0.003556,0.006799,0.013486,0.010765,0.003121,-0.014170,0.000000
1.000000,-0.031639,-0.005973,-0.001521,0.001146,0.001674,0.005922,0.015463,0.011356,0.002422,-0.015935,0.000000
1.000000,-0.008027,-0.010339,-0.005010,0.000864,0.001313,0.005851,0.015341,0.010607,0.002204,-0.015826,0.000000
1.000000,-0.002690,-0.013978,-0.004574,0.000321,0.001351,0.005723,0.015568,0.010552,0.002332,-0.016127,0.000000
1.000000,0.019010,-0.004637,-0.002769,0.000431,0.002462,0.005752,0.016108,0.012501,0.009038,-0.020602,0.000000
1.000000,-0.020021,-0.008673,-0.004514,-0.000252,0.002278,0.006366,0.016204,0.012925,0.008750,-0.020699,0.000000
1.000000,0.027590,0.003173,-0.001400,0.000412,0.002779,0.006768,0.015983,0.014380,0.007621,-0.022053,0.000000
1.000000,0.024613,0.009700,-0.000319,0.001527,0.004454,0.008029,0.016224,0.013428,0.006218,-0.019079,0.000000
1.000000,0.027762,0.015791,0.000906,0.003595,0.004277,0.008752,0.015778,0.012681,0.006528,-0.018876,0.000000
1.000000,-0.009692,0.010050,0.002707,0.002794,0.003081,0.008850,0.016112,0.011396,0.007757,-0.016050,0.000000
1.000000,-0.011692,0.011716,0.001521,0.001994,0.002565,0.008227,0.015211,0.010400,0.004581,-0.013547,0.000000
1.000000,-0.000318,0.006134,0.004654,0.001566,0.002315,0.008491,0.015311,0.011666,0.004616,-0.013236,0.000000
1.000000,0.001271,0.001466,0.005583,0.000287,0.002437,0.008344,0.014209,0.011476,0.003646,-0.015083,0.000000
1.000000,0.000635,-0.003959,0.005916,0.000671,0.002186,0.008210,0.013929,0.010281,0.004794,-0.015739,0.000000
1.000000,0.002852,-0.001450,0.004300,0.000765,0.001721,0.008167,0.013950,0.010429,0.004689,-0.015855,0.000000
1.000000,0.011641,0.003216,0.007466,0.001476,0.002321,0.008129,0.014049,0.010342,0.003553,-0.015168,0.000000
1.000000,-0.012907,0.000698,0.003416,0.001008,0.001413,0.007253,0.013376,0.006979,0.001852,-0.015037,0.000000
1.000000,-0.031217,-0.005799,-0.002167,-0.001243,0.000296,0.008184,0.009851,0.011239,-0.008371,-0.013777,0.000000
1.000000,-0.023819,-0.010690,-0.007325,-0.003209,-0.000045,0.008315,0.010733,0.011219,-0.007884,-0.016214,0.000000
1.000000,0.024799,-0.006301,-0.003876,-0.000584,0.000571,0.012738,0.009164,-0.000636,0.001650,-0.004087,0.000000
1.000000,0.006510,-0.007327,-0.002055,-0.000267,0.000644,0.012526,0.009090,-0.001385,0.000948,-0.003850,0.000000
1.000000,0.084873,0.012229,0.006464,0.005559,0.003199,0.011612,0.012685,-0.002296,0.009131,-0.010071,0.000000
1.000000,0.010083,0.020489,0.007345,0.006464,0.002639,0.011649,0.012597,-0.001682,0.007419,-0.008777,0.000000
1.000000,-0.016062,0.022041,0.005675,0.005796,0.002339,0.011566,0.013283,0.000455,0.009558,-0.012934,0.000000
1.000000,0.016062,0.020293,0.006996,0.005648,0.002842,0.011239,0.013837,-0.001248,0.009010,-0.008934,0.000000
1.000000,0.014646,0.021920,0.007297,0.007381,0.003416,0.010561,0.017633,-0.002133,0.010049,-0.007265,0.000000
1.000000,-0.006125,0.003721,0.007975,0.005696,0.003330,0.010731,0.017547,-0.000039,0.011269,-0.007647,0.000000
1.000000,-0.008521,-0.000000,0.010245,0.004039,0.002586,0.010634,0.017906,0.000179,0.012749,-0.009362,0.000000
1.000000,-0.019366,-0.000661,0.010690,0.001683,0.001424,0.009015,0.016420,-0.004595,0.010909,-0.007728,0.000000
1.000000,0.014337,-0.001006,0.009644,0.002884,0.002825,0.008415,0.016547,-0.004148,0.012076,-0.007530,0.000000
1.000000,0.010326,-0.001870,0.010025,0.003985,0.003164,0.008417,0.015181,-0.004942,0.011116,-0.005506,0.000000
1.000000,-0.088640,-0.018373,-0.007326,-0.000431,0.001264,0.008545,0.019173,-0.008788,0.009663,0.001692,0.000000
1.000000,0.013380,-0.013993,-0.006996,0.000174,0.001977,0.008733,0.019337,-0.008247,0.009233,0.001713,0.000000
1.000000,-0.042339,-0.018587,-0.009624,-0.001974,0.000656,0.008326,0.016866,-0.004211,0.010188,0.001604,0.000000
1.000000,0.010836,-0.019288,-0.010147,-0.001575,0.000383,0.008178,0.015721,-0.003275,0.011217,0.000079,0.000000
1.000000,-0.011827,-0.023718,-0.012794,-0.002749,0.000656,0.008057,0.015778,-0.003488,0.010787,0.000974,0.000000
1.000000,-0.035658,-0.013122,-0.015747,-0.003886,-0.001452,0.009268,0.015188,-0.003144,0.008753,-0.000901,0.000000
1.000000,-0.017272,-0.019252,-0.016622,-0.003189,-0.002848,0.009997,0.013682,-0.002196,0.008021,-0.001723,0.000000
1.000000,-0.024693,-0.015723,-0.017155,-0.003233,-0.004597,0.010025,0.014914,-0.002551,0.012392,-0.003519,0.000000
1.000000,0.012423,-0.015405,-0.017346,-0.003851,-0.003859,0.009577,0.014933,-0.002779,0.010405,-0.003432,0.000000
1.000000,0.027999,-0.007440,-0.015579,-0.002777,-0.002536,0.009888,0.014387,-0.002784,0.010539,-0.003865,0.000000
1.000000,0.006666,0.001025,-0.006048,-0.006687,-0.002304,0.009954,0.015606,-0.003150,0.011670,-0.004108,0.000000
1.000000,0.012191,0.006917,-0.006167,-0.006582,-0.001940,0.009936,0.015276,-0.003248,0.011454,-0.003979,0.000000
1.000000,0.000000,0.011856,-0.001933,-0.005779,-0.001961,0.009917,0.015168,-0.003417,0.011237,-0.004091,0.000000
1.000000,-0.045447,0.000282,-0.007562,-0.008854,-0.003571,0.010845,0.015549,-0.002553,0.011899,-0.004517,0.000000
1.000000,0.012601,-0.002798,-0.005119,-0.008956,-0.003539,0.010676,0.015052,-0.002209,0.010654,-0.003264,0.000000
1.000000,-0.017898,-0.007711,-0.003343,-0.009545,-0.003705,0.010325,0.015482,-0.001763,0.010814,-0.006946,0.000000
1.000000,-0.006751,-0.011499,-0.002291,-0.009457,-0.002889,0.010479,0.014794,-0.001978,0.010109,-0.005387,0.000000
1.000000,0.035030,-0.004493,0.003681,-0.006737,-0.000928,0.010858,0.015158,-0.002379,0.010241,-0.004675,0.000000
1.000000,-0.006562,0.003284,0.001783,-0.007782,-0.001973,0.010906,0.015156,-0.002562,0.010716,-0.004151,0.000000
1.000000,0.000693,0.000902,-0.000948,-0.008263,-0.002167,0.011000,0.015357,-0.002661,0.011090,-0.003752,0.000000
1.000000,0.007932,0.006068,-0.000821,-0.003435,-0.004732,0.010967,0.015388,-0.002345,0.010821,-0.004317,0.000000
1.000000,-0.014882,0.004442,-0.003528,-0.004848,-0.005564,0.010766,0.015067,-0.002003,0.011162,-0.004895,0.000000
1.000000,0.023093,0.002055,-0.001219,-0.001576,-0.004259,0.011095,0.015834,-0.002041,0.011710,-0.004349,0.000000
1.000000,0.012528,0.005873,0.004578,-0.001492,-0.004377,0.011152,0.015982,-0.001888,0.011550,-0.004623,0.000000
1.000000,0.024594,0.010653,0.005778,0.000329,-0.004045,0.011307,0.016758,-0.002830,0.011467,-0.003907,0.000000
1.000000,-0.009566,0.007153,0.006611,0.001634,-0.004160,0.011285,0.016706,-0.003036,0.011021,-0.003734,0.000000
1.000000,-0.016038,0.006922,0.005682,0.001696,-0.004410,0.011301,0.016424,-0.003834,0.009888,-0.002386,0.000000
1.000000,-0.020072,-0.001711,0.000172,0.001927,-0.004434,0.011240,0.016392,-0.003775,0.008924,-0.003282,0.000000
1.000000,-0.006205,-0.005457,0.000208,0.000995,-0.005119,0.011270,0.016431,-0.003784,0.008887,-0.003251,0.000000
1.000000,-0.004505,-0.011277,-0.000312,-0.000630,-0.005613,0.011277,0.016779,-0.003663,0.008930,-0.004550,0.000000
1.000000,-0.052409,-0.019846,-0.006346,-0.003584,-0.004405,0.011748,0.017018,-0.006269,0.009115,-0.001645,0.000000
1.000000,-0.062686,-0.029175,-0.011127,-0.007328,-0.006941,0.012397,0.017047,-0.007121,0.006739,-0.000824,0.000000
1.000000,-0.000780,-0.025317,-0.013514,-0.007367,-0.005555,0.012462,0.016920,-0.007404,0.007549,0.000026,0.000000
1.000000,0.010475,-0.021981,-0.013719,-0.004570,-0.005567,0.012239,0.017327,-0.006517,0.006897,-0.001239,0.000000
1.000000,0.017219,-0.017636,-0.014457,-0.004340,-0.004599,0.012096,0.016143,-0.006581,0.005090,-0.000780,0.000000
1.000000,0.042702,0.001386,-0.009230,-0.001309,-0.001987,0.012483,0.015753,-0.008797,0.006049,0.003612,0.000000
1.000000,0.041302,0.022184,-0.003496,0.001093,-0.000035,0.012775,0.016377,-0.008661,0.006326,0.004302,0.000000
1.000000,0.003482,0.023036,-0.001140,-0.000484,0.000904,0.012639,0.016543,-0.007193,0.005795,0.003926,0.000000
1.000000,0.034840,0.027909,0.002964,0.001586,0.001652,0.012821,0.017345,-0.006483,0.005061,0.002734,0.000000
1.000000,-0.015903,0.021284,0.001824,0.000756,0.000188,0.012129,0.016322,-0.005653,0.002613,-0.000722,0.000000
1.000000,0.006459,0.014036,0.007711,0.000682,0.000181,0.012124,0.016307,-0.005218,0.002146,-0.001911,0.000000
1.000000,-0.003054,0.005165,0.013674,0.001274,-0.000327,0.012198,0.016479,-0.005387,0.002425,-0.001082,0.000000
1.000000,-0.010937,0.002281,0.012658,-0.000428,-0.000692,0.012119,0.016415,-0.004844,0.001851,-0.001205,0.000000
1.000000,0.000000,-0.004687,0.011611,-0.001054,0.000823,0.012108,0.015385,-0.005780,0.000235,0.001708,0.000000
1.000000,0.043046,0.007103,0.014194,-0.000131,0.001838,0.012261,0.015619,-0.005215,-0.001381,0.001002,0.000000
1.000000,0.017295,0.009270,0.011653,0.001212,0.003011,0.012285,0.014563,-0.006189,-0.002086,0.003000,0.000000
1.000000,-0.004540,0.008973,0.007069,0.001786,0.003085,0.012097,0.013688,-0.006058,-0.003498,0.003673,0.000000
1.000000,-0.005213,0.010118,0.006199,0.002529,0.001744,0.012016,0.013259,-0.006386,-0.003804,0.004769,0.000000
1.000000,-0.031527,0.003812,-0.000437,0.001263,0.000911,0.011949,0.014487,-0.005191,-0.003575,0.002170,0.000000
1.000000,0.001684,-0.004460,0.001321,0.001573,0.000944,0.011744,0.014569,-0.004836,-0.004273,0.001140,0.000000
1.000000,0.030823,-0.001755,0.003758,0.005734,0.001707,0.011625,0.012952,-0.004562,-0.007099,0.002704,0.000000
1.000000,-0.025452,-0.005937,0.001518,0.007596,0.001355,0.011664,0.013461,-0.003600,-0.007750,0.001867,0.000000
1.000000,-0.008067,-0.006508,0.001805,0.007232,0.000316,0.011518,0.012754,-0.003858,-0.008534,0.002156,0.000000
1.000000,-0.011541,-0.002511,0.000651,0.006131,-0.000486,0.010907,0.009358,-0.006934,-0.005000,0.005412,0.000000
1.000000,0.028607,0.002874,-0.000793,0.006700,-0.000352,0.010540,0.008452,-0.006068,-0.003469,0.001657,0.000000
1.000000,-0.007995,-0.004890,-0.003322,0.004165,-0.000300,0.010676,0.008708,-0.006888,-0.003190,0.000903,0.000000
1.000000,0.016913,0.003583,-0.001177,0.002946,0.000799,0.010613,0.008558,-0.006915,-0.002899,0.000758,0.000000
1.000000,-0.005937,0.004009,-0.001249,0.002475,0.001270,0.010985,0.009248,-0.006097,-0.001703,-0.000385,0.000000
1.000000,0.053458,0.017009,0.007249,0.003406,0.003259,0.010466,0.008851,-0.004172,-0.006045,-0.006258,0.000000
1.000000,-0.005976,0.010093,0.006483,0.003902,0.003210,0.010479,0.009025,-0.004036,-0.005726,-0.006544,0.000000
1.000000,0.129699,0.037631,0.016371,0.010064,0.009280,0.009922,0.011233,0.001386,-0.010818,-0.014923,0.000000
1.000000,0.026522,0.039553,0.021568,0.011543,0.012253,0.009363,0.009362,0.001553,-0.015358,-0.013610,0.000000
1.000000,-0.002431,0.040254,0.022132,0.011968,0.012198,0.009773,0.010802,-0.000180,-0.013783,-0.014863,0.000000
1.000000,-0.055044,0.018554,0.017782,0.009216,0.010014,0.010169,0.013238,0.000578,-0.011706,-0.017459,0.000000
1.000000,-0.058555,0.008038,0.009065,0.004136,0.007489,0.010854,0.014185,0.000590,-0.012066,-0.015407,0.000000
1.000000,0.008149,-0.016272,0.010680,0.003679,0.006337,0.010807,0.013872,0.000649,-0.013805,-0.014589,0.000000
1.000000,0.021704,-0.017236,0.011159,0.004991,0.005684,0.010628,0.014243,0.000627,-0.015048,-0.013118,0.000000
1.000000,0.020379,-0.012673,0.013790,0.006271,0.006247,0.011389,0.013591,0.000520,-0.016328,-0.012635,0.000000
1.000000,0.008608,0.000057,0.009306,0.008277,0.005373,0.011208,0.013268,0.000190,-0.016653,-0.011117,0.000000
1.000000,-0.010050,0.009758,0.008898,0.007691,0.005568,0.011225,0.013266,0.000265,-0.016707,-0.011258,0.000000
1.000000,0.005468,0.009222,-0.003525,0.006423,0.005535,0.011882,0.012139,0.001292,-0.018294,-0.012105,0.000000
1.000000,-0.002011,0.004479,-0.006378,0.007595,0.005569,0.011901,0.012073,0.001428,-0.019012,-0.011633,0.000000
1.000000,0.014561,0.003315,-0.004679,0.008726,0.006419,0.011926,0.012305,0.001386,-0.018726,-0.011637,0.000000
1.000000,0.025467,0.006687,0.003372,0.010577,0.007268,0.011061,0.013084,0.000531,-0.018779,-0.010519,0.000000
1.000000,0.010719,0.010841,0.010299,0.009682,0.006191,0.011379,0.013043,0.000318,-0.017889,-0.011480,0.000000
1.000000,0.000273,0.009802,0.009512,0.010096,0.005623,0.011470,0.012963,0.000023,-0.017697,-0.010389,0.000000
1.000000,0.018414,0.013887,0.009183,0.010171,0.006388,0.011286,0.013263,0.000272,-0.017378,-0.011838,0.000000
1.000000,-0.009977,0.008979,0.006147,0.009969,0.006229,0.011200,0.013301,0.000534,-0.017543,-0.011894,0.000000
1.000000,-0.004073,0.003071,0.004879,0.007092,0.007145,0.010789,0.013283,0.000544,-0.017445,-0.011145,0.000000
1.000000,-0.008471,-0.000767,0.005037,0.006968,0.006806,0.010077,0.014334,0.001397,-0.017795,-0.013032,0.000000
1.000000,-0.004400,-0.001702,0.004050,0.000263,0.005632,0.009920,0.013690,-0.000253,-0.015661,-0.011525,0.000000
1.000000,0.017487,-0.001887,0.006000,-0.000189,0.007063,0.009669,0.013938,-0.000196,-0.015507,-0.012427,0.000000
1.000000,-0.007613,-0.001414,0.003782,-0.000448,0.007078,0.009282,0.014122,-0.000530,-0.015082,-0.011233,0.000000
1.000000,0.021599,0.003720,0.003396,0.003384,0.008183,0.009224,0.014251,-0.000582,-0.014812,-0.011885,0.000000
1.000000,-0.031197,-0.000825,-0.000796,0.004752,0.006190,0.009494,0.014171,-0.000289,-0.014709,-0.012477,0.000000
1.000000,0.011507,0.002357,0.000327,0.004920,0.006840,0.008927,0.013627,-0.000307,-0.015464,-0.014755,0.000000
1.000000,0.001905,-0.000760,-0.001323,0.003930,0.006339,0.008731,0.014070,-0.001291,-0.012291,-0.015194,0.000000
1.000000,-0.005999,-0.000437,-0.000926,0.002611,0.006337,0.007900,0.014240,-0.000097,-0.012187,-0.016689,0.000000
1.000000,-0.009619,-0.006681,-0.001480,0.001699,0.004235,0.008088,0.013952,0.000300,-0.011963,-0.017779,0.000000
1.000000,-0.001105,-0.000662,-0.000744,0.002147,0.004397,0.007986,0.014155,0.000702,-0.011926,-0.018349,0.000000
1.000000,0.010178,-0.000928,0.000714,0.002382,0.000413,0.008061,0.012289,0.003035,-0.012030,-0.018867,0.000000
1.000000,0.003006,-0.000708,-0.000734,0.002633,-0.000371,0.006560,0.012662,0.005322,-0.010044,-0.020129,0.000000
1.000000,0.039063,0.008304,0.003934,0.003858,0.001012,0.006941,0.013102,0.005460,-0.010941,-0.020386,0.000000
1.000000,-0.008697,0.008489,0.000904,0.002150,0.002557,0.007436,0.012364,0.005351,-0.011299,-0.020863,0.000000
1.000000,0.021731,0.013056,0.006197,0.002700,0.005233,0.007344,0.012156,0.004821,-0.010922,-0.020413,0.000000
1.000000,0.018222,0.014665,0.006868,0.003598,0.005569,0.006281,0.011968,0.007464,-0.010339,-0.024027,0.000000
1.000000,-0.007915,0.012481,0.005886,0.002281,0.004582,0.005124,0.011038,0.007825,-0.011149,-0.027708,0.000000
1.000000,-0.031244,-0.001581,0.003362,0.001218,0.002861,0.005982,0.011587,0.005755,-0.010635,-0.027008,0.000000
1.000000,-0.020035,-0.003848,0.002320,0.000420,0.001906,0.005395,0.010466,0.006910,-0.010802,-0.028369,0.000000
1.000000,0.011536,-0.005887,0.003584,0.001420,0.002626,0.005933,0.010612,0.006437,-0.010156,-0.024994,0.000000
1.000000,0.001333,-0.009265,0.002700,0.001707,0.002488,0.005585,0.010475,0.007195,-0.010137,-0.025790,0.000000
1.000000,-0.021269,-0.011936,0.000272,-0.000231,0.001846,0.005422,0.010401,0.007393,-0.009823,-0.026150,0.000000
1.000000,-0.055383,-0.016764,-0.009172,-0.002619,-0.000485,0.006196,0.011159,0.006623,-0.010514,-0.024905,0.000000
1.000000,-0.016237,-0.016004,-0.009926,-0.004511,-0.001875,0.006194,0.011546,0.007009,-0.009440,-0.026370,0.000000
1.000000,0.008441,-0.016623,-0.011255,-0.002529,-0.001951,0.006140,0.011580,0.007040,-0.008913,-0.026379,0.000000
1.000000,-0.027327,-0.022355,-0.015810,-0.004471,-0.002871,0.005544,0.012138,0.008347,-0.008197,-0.028063,0.000000
1.000000,0.023842,-0.013333,-0.012634,-0.003374,-0.002690,0.005487,0.012615,0.008022,-0.007227,-0.028818,0.000000
1.000000,-0.013470,-0.004950,-0.010857,-0.003747,-0.002807,0.005212,0.013621,0.010121,-0.004574,-0.031246,0.000000
1.000000,0.001767,-0.001349,-0.008677,-0.003178,-0.002612,0.005490,0.011199,0.009356,-0.004970,-0.028599,0.000000
1.000000,0.012866,-0.000464,-0.008544,-0.002480,-0.001901,0.005185,0.010640,0.010357,-0.005383,-0.029962,0.000000
1.000000,-0.028287,-0.000656,-0.011506,-0.004403,-0.002697,0.004810,0.010526,0.010624,-0.006702,-0.030040,0.000000
1.000000,-0.003293,-0.006083,-0.009708,-0.004718,-0.003390,0.004279,0.010293,0.008265,-0.006139,-0.025031,0.000000
1.000000,-0.001200,-0.003629,-0.004290,-0.006731,-0.003176,0.003913,0.009181,0.006241,-0.007581,-0.024294,0.000000
1.000000,-0.009350,-0.005853,-0.003601,-0.006764,-0.004208,0.003772,0.012106,0.009536,-0.011142,-0.027727,0.000000
1.000000,0.003026,-0.007821,-0.004143,-0.007699,-0.003067,0.004056,0.012692,0.008253,-0.015566,-0.020253,0.000000
1.000000,-0.031612,-0.008486,-0.004571,-0.010191,-0.004504,0.005320,0.013404,-0.000741,-0.018151,-0.004840,0.000000
1.000000,0.034026,-0.001022,-0.003553,-0.008094,-0.003434,0.006137,0.014290,-0.001617,-0.019857,-0.001548,0.000000
1.000000,0.000904,-0.000601,-0.002115,-0.006486,-0.003203,0.006086,0.015047,-0.000665,-0.018595,-0.003389,0.001000
1.000000,-0.014865,-0.001704,-0.003779,-0.006228,-0.003378,0.006884,0.014846,-0.002150,-0.016559,0.002210,0.001000
1.000000,-0.047248,-0.011759,-0.009790,-0.009167,-0.004916,0.006357,0.014708,-0.002884,-0.019802,0.001998,0.001000
1.000000,-0.005140,-0.006464,-0.007475,-0.009490,-0.005427,0.007498,0.007928,-0.008678,-0.015292,0.009835,0.001000
1.000000,-0.097341,-0.032738,-0.016880,-0.013294,-0.008772,0.008551,0.008986,-0.011888,-0.017107,0.007938,0.001000
1.000000,-0.072117,-0.047342,-0.023972,-0.014131,-0.012478,0.008608,0.007430,-0.013133,-0.023626,0.010446,0.001000
1.000000,-0.008044,-0.045978,-0.023841,-0.013721,-0.012456,0.008575,0.005791,-0.014431,-0.026479,0.013393,0.001000
1.000000,-0.005399,-0.037608,-0.024684,-0.014413,-0.013360,0.007682,0.004880,-0.013910,-0.025483,0.010195,0.001000
1.000000,-0.046704,-0.045921,-0.026193,-0.015382,-0.015525,0.008026,0.003932,-0.011251,-0.028005,0.010868,0.001000
1.000000,0.011682,-0.024116,-0.028427,-0.015990,-0.014871,0.007619,0.004466,-0.012759,-0.029666,0.013817,0.001000
1.000000,0.058337,0.001974,-0.022684,-0.012400,-0.011885,0.008557,0.005930,-0.013094,-0.028234,0.013953,0.001000
1.000000,0.038538,0.011291,-0.017344,-0.010561,-0.009933,0.008786,0.005763,-0.013362,-0.028573,0.014101,0.001000
1.000000,-0.019083,0.008554,-0.014527,-0.012159,-0.010954,0.008764,0.005665,-0.013302,-0.028583,0.013691,0.001000
1.000000,0.002590,0.018413,-0.013754,-0.010615,-0.010912,0.008926,0.005401,-0.012985,-0.026822,0.013385,0.001000
1.000000,0.024819,0.021040,-0.001538,-0.009209,-0.009375,0.009218,0.005764,-0.011549,-0.024046,0.009427,0.001000
1.000000,0.019986,0.013370,0.007672,-0.008150,-0.006863,0.009397,0.005899,-0.013788,-0.022942,0.012878,0.001000
1.000000,0.033360,0.012334,0.011812,-0.006014,-0.005210,0.009595,0.005966,-0.014145,-0.023256,0.014050,0.001000
1.000000,0.005453,0.017242,0.012898,-0.005893,-0.005309,0.009607,0.005916,-0.014040,-0.023159,0.013795,0.001000
1.000000,0.080304,0.032784,0.025599,-0.000297,-0.001722,0.008907,0.009557,-0.012267,-0.027731,0.013807,0.001000
1.000000,-0.039673,0.019886,0.020463,-0.003982,-0.003839,0.008812,0.008134,-0.012179,-0.026400,0.011018,0.001000
1.000000,-0.000980,0.015693,0.014531,-0.004076,-0.003423,0.008557,0.008851,-0.013435,-0.026254,0.013097,0.001000
1.000000,0.011046,0.011230,0.011782,-0.002781,-0.003113,0.009080,0.008429,-0.014633,-0.026171,0.014631,0.001000
1.000000,0.022681,0.014676,0.015959,0.000716,-0.002786,0.009676,0.008724,-0.014261,-0.024422,0.013956,0.001000
1.000000,-0.003164,-0.002018,0.015383,0.000815,-0.001949,0.009533,0.009549,-0.013531,-0.025618,0.013908,0.001000
1.000000,0.019765,0.009870,0.014878,0.006670,-0.001180,0.009721,0.009006,-0.013478,-0.025381,0.014517,0.001000
1.000000,-0.028038,0.004458,0.010076,0.008874,-0.002075,0.009708,0.008870,-0.013567,-0.025463,0.013998,0.001000
1.000000,-0.017403,-0.001232,0.004999,0.008406,-0.002343,0.009598,0.008361,-0.014011,-0.026924,0.015688,0.001000
1.000000,-0.003256,-0.006419,0.004128,0.008513,-0.002552,0.009362,0.007777,-0.013461,-0.026687,0.015025,0.001000
1.000000,0.022574,-0.001271,-0.001645,0.011977,-0.000746,0.009440,0.009148,-0.013721,-0.027482,0.017191,0.001000
1.000000,-0.000957,-0.005416,0.002227,0.011345,-0.001912,0.009378,0.009238,-0.012814,-0.029394,0.017643,0.001000
1.000000,-0.017061,-0.003221,0.000619,0.007575,-0.002511,0.010101,0.007580,-0.013839,-0.029063,0.018427,0.001000
1.000000,0.000000,0.000260,-0.000486,0.005648,-0.002016,0.009958,0.007908,-0.013815,-0.028733,0.017821,0.001000
1.000000,0.017061,0.004323,-0.001048,0.007455,0.000128,0.009758,0.008207,-0.014047,-0.029609,0.018588,0.001000
1.000000,0.008897,0.001588,0.000158,0.007771,0.000596,0.009713,0.008061,-0.013777,-0.029111,0.017932,0.001000
1.000000,-0.003486,0.001082,-0.002167,0.006356,0.003724,0.009751,0.008093,-0.013800,-0.029124,0.018211,0.001000
1.000000,0.025699,0.009634,0.003207,0.006641,0.006985,0.009158,0.007686,-0.014452,-0.030015,0.017890,0.001000
1.000000,-0.026652,0.004304,0.002282,0.003641,0.006365,0.009058,0.007489,-0.014673,-0.030463,0.018245,0.001000
1.000000,-0.016016,-0.002311,0.001006,0.002567,0.006011,0.009120,0.007671,-0.014030,-0.030184,0.018040,0.001000
1.000000,0.007399,-0.002611,-0.000512,-0.001078,0.007814,0.009006,0.007565,-0.014101,-0.030829,0.018923,0.001000
1.000000,0.030616,0.004209,0.002646,0.002436,0.008445,0.009029,0.007920,-0.014229,-0.030444,0.018613,0.001000
1.000000,0.000932,-0.000744,0.004445,0.002532,0.006532,0.008517,0.007861,-0.013849,-0.031579,0.018288,0.001000
1.000000,0.029378,0.010462,0.007383,0.003449,0.006226,0.008670,0.008282,-0.014450,-0.031889,0.018725,0.001000
1.000000,0.010798,0.015825,0.006757,0.002854,0.007223,0.008410,0.008892,-0.013420,-0.030615,0.016557,0.000000
1.000000,0.023295,0.019004,0.008196,0.004177,0.007913,0.008889,0.008471,-0.014535,-0.031375,0.018507,0.000000
1.000000,-0.037718,0.005337,0.004773,0.001303,0.005828,0.009719,0.008855,-0.013613,-0.029755,0.016590,0.000000
1.000000,0.023333,0.009817,0.004537,0.003872,0.005940,0.008947,0.008539,-0.012999,-0.029492,0.015054,0.000000
1.000000,-0.011001,0.001741,0.006102,0.004192,0.004461,0.008947,0.008813,-0.012830,-0.029667,0.014594,0.000000
1.000000,0.000598,-0.000299,0.007763,0.004385,0.004299,0.008951,0.009060,-0.012275,-0.028965,0.013892,0.000000
1.000000,-0.002693,-0.005496,0.006754,0.003121,0.001533,0.009580,0.009282,-0.012493,-0.028472,0.013796,0.000000
1.000000,0.004782,0.003004,0.004170,0.003408,0.003014,0.009679,0.009288,-0.012038,-0.028372,0.012879,0.000000
1.000000,0.025318,0.003401,0.006609,0.005527,0.003891,0.009930,0.009182,-0.011944,-0.028244,0.012604,0.000000
1.000000,-0.001746,0.005252,0.003497,0.005440,0.003465,0.009569,0.010983,-0.011046,-0.027686,0.010750,0.000000
1.000000,-0.008187,0.003495,0.001598,0.004177,0.002436,0.009416,0.011093,-0.010723,-0.027623,0.009973,0.000000
1.000000,0.000587,0.004151,-0.000673,0.003762,0.002561,0.010499,0.009728,-0.012245,-0.027757,0.014376,0.000000
1.000000,-0.013887,0.000417,0.001710,0.003242,0.001439,0.011273,0.009579,-0.012379,-0.027402,0.012442,0.000000
1.000000,0.003267,-0.003993,-0.000296,0.002120,0.002482,0.011774,0.010072,-0.011383,-0.027461,0.012116,0.000000
1.000000,0.001778,-0.003288,0.000982,0.003542,0.003122,0.012511,0.010274,-0.011159,-0.025917,0.012775,0.000000
1.000000,0.037192,0.005787,0.004641,0.006202,0.004470,0.013547,0.011663,-0.012791,-0.023734,0.012756,0.000000
1.000000,0.002564,0.006183,0.005167,0.005960,0.003803,0.012738,0.011324,-0.010823,-0.023529,0.008607,0.000000
1.000000,-0.019535,0.005053,0.002735,0.003453,0.003184,0.012968,0.010444,-0.011544,-0.024174,0.009261,0.000000
1.000000,0.006650,0.005730,0.000868,0.003739,0.003974,0.013005,0.010387,-0.011626,-0.024260,0.009488,0.000000
1.000000,-0.036389,-0.001904,-0.002596,0.000450,0.002761,0.014154,0.011823,-0.009888,-0.018890,0.003119,0.000000
1.000000,-0.004793,-0.010301,-0.002257,-0.000329,0.002033,0.014885,0.011031,-0.009575,-0.017283,0.003695,0.000000
1.000000,-0.010870,-0.012987,-0.003402,-0.002037,0.001374,0.014039,0.011559,-0.008484,-0.017631,0.002228,0.001000
1.000000,-0.110297,-0.031140,-0.013043,-0.005666,-0.002187,0.014374,0.012800,-0.005424,-0.019731,0.005639,0.001000
1.000000,0.025106,-0.027449,-0.010859,-0.005578,-0.002206,0.013443,0.013733,-0.004137,-0.013144,0.005091,0.001000
1.000000,-0.008299,-0.021831,-0.011867,-0.005443,-0.001595,0.013423,0.013666,-0.004103,-0.013107,0.005011,0.001000
1.000000,-0.007696,-0.022411,-0.016356,-0.005857,-0.001317,0.012929,0.013886,-0.003770,-0.013363,0.003246,0.001000
1.000000,-0.000336,-0.020305,-0.016646,-0.005740,-0.001575,0.011036,0.015687,-0.004424,-0.011232,-0.001226,0.001000
1.000000,-0.007081,0.000339,-0.015401,-0.006333,-0.002832,0.010726,0.016053,-0.004345,-0.011239,-0.001581,0.001000
1.000000,-0.023281,-0.009339,-0.018394,-0.008763,-0.003639,0.009496,0.015951,-0.003557,-0.011718,-0.002021,0.001000
1.000000,-0.055550,-0.018789,-0.020310,-0.011453,-0.006470,0.007965,0.017921,-0.002438,-0.012475,-0.003441,0.001000
1.000000,-0.015498,-0.020349,-0.021380,-0.011818,-0.007346,0.009017,0.017478,-0.002125,-0.010561,-0.002187,0.001000
1.000000,0.041164,-0.012049,-0.016177,-0.009790,-0.006751,0.009400,0.017754,-0.002680,-0.011003,-0.003580,0.001000
1.000000,-0.033385,-0.017310,-0.008486,-0.010764,-0.006606,0.009344,0.017860,-0.003759,-0.012393,-0.000967,0.001000
1.000000,-0.003697,-0.013393,-0.011366,-0.011113,-0.007507,0.012064,0.015354,-0.004912,-0.014122,0.003171,0.001000
1.000000,0.044194,0.006556,-0.006117,-0.008992,-0.005667,0.011061,0.015084,-0.004673,-0.010925,0.000424,0.001000
1.000000,0.011976,0.012051,-0.004149,-0.010253,-0.005288,0.011078,0.014533,-0.004747,-0.011112,0.001721,0.001000
1.000000,0.018387,0.007495,-0.002277,-0.009462,-0.004585,0.013642,0.010730,-0.007161,-0.009732,0.006649,0.001000
1.000000,0.042731,0.022718,0.002704,-0.006348,-0.003320,0.012748,0.013290,-0.006881,-0.008189,0.006559,0.001000
1.000000,-0.009265,0.021605,0.004106,-0.007144,-0.004473,0.015438,0.010366,-0.007711,-0.010941,0.008587,0.001000
1.000000,-0.019470,0.008872,0.007714,-0.006298,-0.005064,0.015532,0.010394,-0.007316,-0.011691,0.009218,0.001000
1.000000,0.024114,0.011299,0.011675,-0.004853,-0.003987,0.015691,0.009763,-0.008050,-0.012859,0.009161,0.001000
1.000000,-0.006640,0.006294,0.006895,-0.004641,-0.004228,0.016146,0.009336,-0.008026,-0.012833,0.010201,0.001000
1.000000,0.017501,0.001248,0.011983,0.001749,-0.003182,0.016116,0.009447,-0.008106,-0.012927,0.010251,0.001000
1.000000,0.021053,0.007312,0.014458,0.001546,-0.002589,0.016567,0.009853,-0.008170,-0.014012,0.010872,0.001000
1.000000,0.010838,0.013373,0.011123,0.002503,-0.002287,0.016410,0.010313,-0.007737,-0.011059,0.010761,0.001000
1.000000,0.021331,0.012817,0.012058,0.003954,-0.002816,0.016022,0.011528,-0.007736,-0.011281,0.009851,0.001000
1.000000,-0.004666,0.013211,0.009753,0.003738,-0.003057,0.016404,0.011247,-0.007716,-0.011735,0.009648,0.001000
1.000000,0.015778,0.012867,0.007057,0.004881,-0.001880,0.016348,0.011478,-0.007689,-0.011487,0.009305,0.001000
1.000000,-0.014843,0.005688,0.006500,0.005303,-0.002596,0.015895,0.013536,-0.008274,-0.012507,0.009723,0.001000
1.000000,-0.028117,-0.002104,0.005635,0.006674,-0.002320,0.016101,0.013747,-0.007944,-0.011946,0.008481,0.001000
1.000000,-0.014198,-0.009209,0.001804,0.006739,-0.002634,0.015973,0.014010,-0.007781,-0.012028,0.008861,0.001000
1.000000,-0.017705,-0.011817,0.000697,0.003796,-0.002862,0.016341,0.013766,-0.007343,-0.013120,0.009187,0.001000
1.000000,-0.014998,-0.017972,-0.002553,0.004715,0.000315,0.016569,0.013397,-0.007367,-0.013059,0.009072,0.001000
1.000000,0.006693,-0.013665,-0.003989,0.005235,-0.000299,0.016949,0.013551,-0.007083,-0.011835,0.010218,0.001000
1.000000,-0.036689,-0.015379,-0.008741,0.001191,-0.001245,0.017741,0.013852,-0.008496,-0.015503,0.011617,0.001000
1.000000,0.026295,-0.007281,-0.008245,0.001906,-0.000112,0.017472,0.014914,-0.008412,-0.015083,0.011624,0.001000
1.000000,-0.033239,-0.010388,-0.011102,-0.000675,-0.001209,0.016608,0.016753,-0.008660,-0.014061,0.010826,0.001000
1.000000,-0.001395,-0.007667,-0.012820,-0.002881,-0.001019,0.016010,0.019460,-0.008951,-0.011378,0.007793,0.001000
1.000000,0.027191,-0.003567,-0.008616,-0.001058,0.000663,0.015688,0.019682,-0.008993,-0.011085,0.007618,0.001000
1.000000,-0.031387,-0.002507,-0.008943,-0.001654,0.001468,0.012601,0.021907,-0.008292,-0.007438,0.003638,0.001000
1.000000,-0.011276,-0.010021,-0.008651,-0.003424,0.001609,0.011838,0.019541,-0.009248,-0.007036,0.005784,0.001000
1.000000,0.026920,0.002011,-0.004188,-0.001746,0.001134,0.012593,0.019375,-0.007927,-0.005823,0.004899,0.001000
1.000000,0.024533,0.007196,-0.000235,-0.001394,0.003065,0.012315,0.019128,-0.008528,-0.006620,0.006164,0.001000
1.000000,0.017682,0.005294,0.000864,-0.001563,0.003778,0.012031,0.019308,-0.008178,-0.006267,0.005801,0.001000
1.000000,0.024176,0.016407,0.006950,-0.000896,0.003110,0.012282,0.019479,-0.008535,-0.006422,0.006544,0.001000
1.000000,-0.016927,0.015277,0.002628,-0.002809,0.002147,0.012219,0.019016,-0.009032,-0.006064,0.005154,0.001000
1.000000,0.012074,0.012307,0.007159,-0.001972,0.001936,0.012542,0.018803,-0.009923,-0.006389,0.005360,0.001000
1.000000,0.010005,0.009402,0.008299,-0.002260,0.000846,0.012360,0.019153,-0.010140,-0.006389,0.005086,0.001000
1.000000,0.030674,0.012000,0.008647,0.000016,0.002177,0.012235,0.019177,-0.010048,-0.006479,0.004673,0.001000
1.000000,0.000000,0.007165,0.011786,0.001421,0.002826,0.012387,0.018498,-0.010647,-0.007358,0.005727,0.001000
1.000000,0.033684,0.017287,0.016282,0.003816,0.003145,0.012475,0.019086,-0.010865,-0.008408,0.008239,0.001000
1.000000,-0.012118,0.012449,0.012378,0.004095,0.002962,0.012673,0.018789,-0.010532,-0.007632,0.007754,0.001000
1.000000,0.001218,0.010692,0.010047,0.004906,0.002420,0.012865,0.018336,-0.010475,-0.007618,0.007863,0.001000
1.000000,0.010899,0.006737,0.009369,0.005116,0.002081,0.012954,0.018396,-0.011037,-0.007809,0.008534,0.001000
1.000000,0.001805,0.007098,0.007131,0.007041,0.001780,0.013001,0.018424,-0.010913,-0.007502,0.008486,0.001000
1.000000,0.017283,0.003818,0.010552,0.006590,0.001645,0.013249,0.015805,-0.009520,-0.004323,0.002436,0.001000
1.000000,0.017280,0.009697,0.011073,0.009116,0.002377,0.013056,0.016948,-0.009189,-0.003976,0.002365,0.001000
1.000000,-0.002326,0.008988,0.009840,0.009070,0.001773,0.012515,0.020124,-0.006730,-0.000540,0.002608,0.001000
1.000000,0.012437,0.009296,0.008016,0.008332,0.002682,0.012469,0.020272,-0.006737,-0.000036,0.001421,0.001000
1.000000,-0.021206,0.004694,0.005896,0.008841,0.002913,0.012355,0.018663,-0.008483,-0.005100,0.007318,0.001000
1.000000,0.017463,0.004729,0.004274,0.010278,0.003968,0.012734,0.018566,-0.009320,-0.005539,0.008841,0.001000
1.000000,0.007760,0.002825,0.006261,0.009320,0.004817,0.013425,0.017925,-0.010319,-0.005710,0.009276,0.001000
1.000000,0.002288,0.003748,0.006368,0.008208,0.005393,0.013229,0.013092,-0.012064,-0.004393,0.010593,0.001000
1.000000,0.010796,0.003420,0.006358,0.007863,0.005530,0.013645,0.012549,-0.012995,-0.006707,0.009783,0.001000
1.000000,-0.000283,0.007605,0.006149,0.006640,0.006744,0.013635,0.012629,-0.013002,-0.006702,0.009787,0.001000
1.000000,-0.002264,0.003659,0.004194,0.007373,0.005792,0.013638,0.011746,-0.013047,-0.007577,0.011021,0.001000
1.000000,0.004240,0.002955,0.002890,0.006982,0.007041,0.014104,0.011405,-0.015449,-0.007936,0.011123,0.001000
1.000000,0.165730,0.035644,0.019696,0.014768,0.012612,0.016667,0.009472,-0.020782,-0.007057,0.018050,0.001000
1.000000,0.031061,0.039697,0.021558,0.014787,0.012741,0.016318,0.010645,-0.018734,-0.006891,0.015513,0.001000
1.000000,0.008306,0.041415,0.024510,0.015203,0.014064,0.016917,0.007954,-0.017130,-0.004546,0.015843,0.001000
1.000000,0.016635,0.045194,0.024427,0.014350,0.014994,0.015971,0.008221,-0.019151,-0.008432,0.016090,0.001000
1.000000,-0.009081,0.042530,0.022743,0.014502,0.013794,0.015399,0.008558,-0.018691,-0.008698,0.016232,0.001000
1.000000,-0.022836,0.004817,0.020231,0.013299,0.012215,0.014318,0.009238,-0.016381,-0.006390,0.012639,0.001000
1.000000,0.003029,-0.000789,0.019454,0.012906,0.011727,0.014779,0.009280,-0.016890,-0.005395,0.013680,0.001000
1.000000,0.034522,0.004454,0.022934,0.014542,0.012072,0.014200,0.011492,-0.016418,-0.007258,0.013703,0.001000
1.000000,-0.005182,0.000090,0.022642,0.013418,0.012463,0.013765,0.012312,-0.016342,-0.008265,0.012669,0.001000
1.000000,-0.027945,-0.003682,0.019424,0.011157,0.011129,0.013581,0.013815,-0.016634,-0.007728,0.012346,0.001000
1.000000,0.015901,0.004065,0.004441,0.012068,0.011326,0.013188,0.013472,-0.016148,-0.007893,0.012480,0.001000
1.000000,-0.005732,0.002313,0.000762,0.011160,0.010112,0.013388,0.013213,-0.015595,-0.007359,0.012276,0.001000
1.000000,0.002755,-0.004041,0.000207,0.012358,0.010204,0.013774,0.012545,-0.016674,-0.007514,0.012628,0.001000
1.000000,-0.005980,-0.004200,-0.002055,0.011186,0.008882,0.013719,0.011450,-0.016346,-0.007818,0.012431,0.001000
1.000000,-0.021215,-0.002854,-0.003268,0.009737,0.008579,0.013181,0.012335,-0.016898,-0.009180,0.011303,0.001000
1.000000,-0.019991,-0.010033,-0.002984,0.008623,0.007872,0.013719,0.012272,-0.017750,-0.008372,0.011177,0.001000
1.000000,0.008140,-0.007258,-0.002473,0.008491,0.007780,0.013694,0.012273,-0.018098,-0.008880,0.011252,0.001000
1.000000,0.016553,-0.004499,-0.004270,0.009332,0.008271,0.013701,0.012188,-0.018258,-0.010257,0.011069,0.001000
1.000000,0.005380,-0.002227,-0.003213,0.009714,0.007874,0.013391,0.012077,-0.017843,-0.010504,0.010343,0.001000
1.000000,-0.012676,-0.000519,-0.001687,0.008869,0.006876,0.013556,0.012286,-0.017695,-0.009570,0.010699,0.001000
1.000000,0.003066,0.004092,-0.002970,0.000735,0.007056,0.013465,0.012174,-0.017272,-0.009550,0.010647,0.001000
1.000000,0.015424,0.005549,-0.000854,-0.000046,0.007155,0.013771,0.011632,-0.017588,-0.009068,0.011507,0.001000
1.000000,0.017700,0.005779,0.000640,0.000423,0.008452,0.013600,0.010891,-0.017866,-0.008533,0.013987,0.001000
1.000000,0.003639,0.005431,0.001602,-0.000227,0.007991,0.013630,0.010482,-0.017933,-0.008739,0.014274,0.001000
1.000000,-0.009580,0.006050,0.002765,-0.000251,0.007413,0.014999,0.011332,-0.020971,-0.005530,0.016864,0.001000
1.000000,-0.061198,-0.006803,-0.001355,-0.002170,0.005297,0.015344,0.011766,-0.021889,-0.005438,0.018128,0.001000
1.000000,0.019784,-0.005931,-0.000191,-0.001332,0.005597,0.015124,0.011686,-0.021839,-0.004874,0.019260,0.001000
1.000000,-0.028348,-0.015141,-0.004681,-0.004475,0.004661,0.015148,0.011985,-0.019166,-0.001155,0.020665,0.001000
1.000000,0.013426,-0.013183,-0.003876,-0.003545,0.005184,0.015136,0.011951,-0.019305,-0.001252,0.020541,0.001000
1.000000,0.022300,-0.006807,-0.000379,-0.001033,0.005786,0.015266,0.009568,-0.018066,-0.002046,0.020282,0.001000
1.000000,0.007324,0.006897,0.000047,-0.001461,0.000506,0.015257,0.009641,-0.018097,-0.002042,0.020266,0.001000
1.000000,0.022577,0.007456,0.000762,-0.000046,0.000223,0.015153,0.009763,-0.018345,-0.001642,0.021153,0.001000
1.000000,-0.005308,0.012064,-0.001538,-0.000449,-0.000231,0.014313,0.011614,-0.018220,0.000737,0.021933,0.001000
1.000000,0.037689,0.016917,0.001867,0.001734,0.000471,0.014708,0.011453,-0.018150,0.000521,0.022217,0.001000
1.000000,0.004225,0.013302,0.003247,0.003006,0.000915,0.013025,0.011699,-0.018781,0.001332,0.024731,0.001000
1.000000,-0.025619,0.006713,0.006805,0.002725,0.000822,0.013368,0.011209,-0.019188,0.000318,0.025471,0.001000
1.000000,-0.015369,-0.000876,0.003290,0.001549,0.000209,0.014998,0.011060,-0.017564,0.001288,0.023559,0.001000
1.000000,0.011720,0.002529,0.007297,0.001308,-0.000551,0.014865,0.011312,-0.017905,0.001418,0.024134,0.001000
1.000000,-0.021943,-0.009397,0.003760,-0.000058,-0.001110,0.014834,0.012155,-0.019396,0.003602,0.018740,0.001000
1.000000,-0.079945,-0.026231,-0.006465,-0.003422,-0.002843,0.018051,0.012993,-0.018280,-0.003258,0.006820,0.001000
1.000000,0.035048,-0.014098,-0.003693,-0.001823,-0.002205,0.018615,0.012967,-0.017667,-0.003237,0.006357,0.001000
1.000000,-0.005388,-0.012102,-0.006489,-0.002863,-0.002194,0.019334,0.013755,-0.017146,-0.002219,0.006247,0.001000
1.000000,-0.026376,-0.019721,-0.008596,-0.005067,-0.003165,0.019805,0.014861,-0.017130,-0.000551,0.007118,0.001000
1.000000,-0.002019,-0.015736,-0.012567,-0.005350,-0.003033,0.019540,0.013448,-0.018939,-0.000469,0.006752,0.001000
1.000000,-0.004051,-0.000557,-0.013394,-0.005074,-0.002461,0.019468,0.013588,-0.019133,-0.000515,0.006960,0.001000
1.000000,0.011225,-0.005322,-0.009710,-0.001452,-0.001420,0.019628,0.010851,-0.017687,-0.003223,0.003775,0.001000
1.000000,0.020238,-0.000197,-0.006149,-0.001430,-0.001017,0.019761,0.010689,-0.017573,-0.003074,0.003698,0.001000
1.000000,-0.047574,-0.004436,-0.012079,-0.002391,-0.003154,0.020246,0.010813,-0.017980,-0.003519,0.003328,0.001000
1.000000,0.002575,-0.003517,-0.009627,-0.002934,-0.003248,0.019269,0.013771,-0.018876,-0.003878,0.004833,0.001000
1.000000,-0.006190,-0.003945,-0.002251,-0.004358,-0.003032,0.019244,0.014519,-0.020520,-0.004201,0.005188,0.001000
1.000000,0.000776,-0.006035,-0.005678,-0.004686,-0.003108,0.019865,0.013291,-0.019167,-0.003831,0.004451,0.001000
1.000000,0.016792,-0.006724,-0.003460,-0.004975,-0.003062,0.019686,0.013639,-0.019026,-0.002865,0.004978,0.001000
1.000000,0.009740,0.004738,0.000151,-0.004222,-0.003328,0.019682,0.014091,-0.018832,-0.001518,0.004294,0.001000
1.000000,-0.005807,0.003062,-0.000228,-0.006397,-0.003643,0.020115,0.013250,-0.018502,-0.001184,0.003169,0.001000
1.000000,0.017322,0.007765,0.001910,-0.005742,-0.002746,0.019556,0.013635,-0.019298,-0.002793,0.002866,0.001000
1.000000,-0.002492,0.007111,0.000538,-0.004586,-0.000789,0.019548,0.013501,-0.019145,-0.003108,0.002801,0.001000
1.000000,0.014367,0.006626,-0.000049,-0.003099,-0.000970,0.019487,0.013583,-0.018980,-0.003235,0.002451,0.001000
1.000000,-0.031225,-0.001567,0.001586,-0.005246,-0.001065,0.019237,0.015498,-0.020191,-0.002407,0.001815,0.001000
1.000000,-0.040917,-0.008589,-0.002763,-0.006195,-0.002877,0.019233,0.019151,-0.020413,-0.000623,0.000510,0.001000
1.000000,-0.020294,-0.016112,-0.004174,-0.003213,-0.004297,0.019609,0.017514,-0.019416,-0.001378,-0.000337,0.001000
1.000000,-0.001620,-0.015938,-0.004413,-0.005046,-0.004595,0.019960,0.014607,-0.007374,-0.007524,-0.012439,0.001000
1.000000,0.002968,-0.018218,-0.005796,-0.004628,-0.005248,0.019803,0.014554,-0.008133,-0.007026,-0.011483,0.001000
1.000000,-0.012742,-0.014521,-0.008044,-0.003946,-0.005496,0.019887,0.013814,-0.008237,-0.008458,-0.013170,0.001000
1.000000,-0.133492,-0.033036,-0.020813,-0.010520,-0.011202,0.020024,0.015809,-0.007982,-0.021453,-0.020023,0.001000
1.000000,-0.042682,-0.037514,-0.026813,-0.012452,-0.012766,0.019788,0.016631,-0.006594,-0.023118,-0.021562,0.001000
1.000000,0.136659,-0.009858,-0.012898,-0.006180,-0.007357,0.014115,0.031031,-0.017113,-0.022555,-0.012389,0.001000
1.000000,0.016329,-0.007186,-0.012702,-0.006375,-0.006300,0.010748,0.033316,-0.018104,-0.022477,-0.010273,0.001000
1.000000,-0.012080,-0.007053,-0.010787,-0.004601,-0.007093,0.010692,0.032880,-0.016806,-0.022806,-0.012440,0.001000
1.000000,0.005637,0.020773,-0.006132,-0.004448,-0.006174,0.011991,0.021331,-0.022946,-0.022485,-0.012034,0.001000
1.000000,0.017552,0.032819,-0.002347,-0.003261,-0.002924,0.011969,0.023025,-0.018731,-0.022062,-0.015167,0.001000
1.000000,-0.019239,0.001640,-0.004109,-0.004261,-0.004734,0.015665,0.010511,-0.017060,-0.024953,-0.013452,0.001000
1.000000,-0.023644,-0.006355,-0.006770,-0.006283,-0.005342,0.015651,0.010260,-0.018170,-0.024938,-0.012791,0.001000
1.000000,0.054689,0.006999,-0.000027,-0.004036,-0.002640,0.017114,0.007946,-0.018139,-0.027361,-0.013271,0.001000
1.000000,-0.001912,0.005489,0.013131,-0.003841,-0.002637,0.017090,0.008609,-0.019098,-0.026219,-0.012206,0.001000
1.000000,0.018424,0.005663,0.019241,-0.003786,-0.001887,0.017226,0.008821,-0.019490,-0.026648,-0.012217,0.001000
1.000000,-0.001612,0.009189,0.005414,-0.003742,-0.002315,0.017040,0.008935,-0.019409,-0.026952,-0.011927,0.001000
1.000000,0.021283,0.018174,0.005910,-0.003396,-0.002280,0.017441,0.008555,-0.019856,-0.026851,-0.011056,0.001000
1.000000,-0.023167,0.002603,0.004801,-0.002993,-0.001467,0.017165,0.008905,-0.020042,-0.026540,-0.010936,0.001000
1.000000,-0.012470,0.000492,0.002990,-0.001571,-0.001968,0.017428,0.008390,-0.019990,-0.025899,-0.010758,0.001000
1.000000,-0.005745,-0.004342,0.000661,-0.000843,-0.001954,0.017176,0.008529,-0.019875,-0.026306,-0.010569,0.001000
1.000000,-0.034611,-0.010942,-0.000877,-0.002493,-0.003133,0.017146,0.008571,-0.020157,-0.026247,-0.010428,0.001000
1.000000,-0.008557,-0.016910,0.000632,-0.003069,-0.003978,0.017009,0.008510,-0.020268,-0.026301,-0.010425,0.001000
1.000000,-0.036760,-0.019629,-0.008513,-0.004270,-0.005528,0.016874,0.008590,-0.021404,-0.027219,-0.010066,0.001000
1.000000,-0.026500,-0.022435,-0.010971,0.001080,-0.006218,0.017627,0.007363,-0.015709,-0.024828,-0.012929,0.001000
1.000000,0.016644,-0.017957,-0.011149,0.004046,-0.006240,0.017239,0.007376,-0.016344,-0.026104,-0.012487,0.001000
1.000000,0.052613,-0.000512,-0.005727,-0.000156,-0.004404,0.015987,0.008355,-0.014812,-0.028301,-0.016216,0.001000
1.000000,0.026413,0.006482,-0.005214,0.000348,-0.004002,0.017247,0.007963,-0.015095,-0.028458,-0.016599,0.001000
1.000000,0.006634,0.015161,-0.002234,0.001284,-0.002740,0.018759,0.007125,-0.014295,-0.026390,-0.016743,0.001000
1.000000,0.033323,0.027125,0.002345,0.002668,-0.000265,0.018471,0.007896,-0.013582,-0.026863,-0.018192,0.001000
1.000000,0.002129,0.024222,0.003133,0.001897,0.000482,0.018710,0.007987,-0.013849,-0.026700,-0.017994,0.001000
1.000000,0.003186,0.014337,0.006913,0.003018,0.000642,0.018890,0.007121,-0.013842,-0.026947,-0.017986,0.001000
1.000000,-0.006915,0.007671,0.007077,0.003854,0.000313,0.018479,0.007095,-0.012359,-0.027213,-0.019719,0.001000
1.000000,0.001067,0.006558,0.010859,0.001173,0.000773,0.017387,0.006591,-0.013266,-0.029646,-0.021386,0.001000
1.000000,0.001598,0.000213,0.013669,0.001349,0.005276,0.016346,0.006734,-0.012496,-0.029692,-0.023015,0.001000
1.000000,0.001064,-0.000000,0.012111,0.000481,0.006734,0.016678,0.007008,-0.012644,-0.029132,-0.022514,0.001000
1.000000,0.025464,0.004456,0.009396,0.001835,0.003028,0.016264,0.007680,-0.013061,-0.027982,-0.022559,0.001000
1.000000,-0.015674,0.002704,0.005188,-0.000013,0.001961,0.015742,0.007591,-0.013931,-0.028549,-0.021941,0.001000
1.000000,-0.010588,0.000373,0.003465,0.000616,0.002011,0.016143,0.007286,-0.014340,-0.029011,-0.022441,0.001000
1.000000,-0.005871,-0.001121,-0.000454,0.000946,0.001627,0.016582,0.007111,-0.014976,-0.029938,-0.019860,0.001000
1.000000,0.008529,0.000372,0.000186,0.001659,0.001326,0.015169,0.007180,-0.015276,-0.027059,-0.015327,0.001000
1.000000,0.006877,-0.003346,0.000555,0.003734,0.002197,0.014523,0.007285,-0.015440,-0.026741,-0.015118,0.001000
1.000000,-0.010333,-0.002277,0.000213,0.003645,0.002641,0.014161,0.007347,-0.015579,-0.026797,-0.015098,0.001000
1.000000,0.000532,-0.000053,0.000160,0.005510,0.000836,0.013327,0.007499,-0.014829,-0.027345,-0.017190,0.001000
1.000000,0.002924,0.001706,0.000292,0.006981,0.000997,0.013245,0.007521,-0.014697,-0.027903,-0.017181,0.001000
1.000000,-0.008797,-0.001759,-0.000694,0.005709,0.000089,0.012153,0.007928,-0.013491,-0.028741,-0.019871,0.002000
1.000000,0.006671,-0.001800,-0.002573,0.003412,0.000365,0.011893,0.007397,-0.012775,-0.026942,-0.019167,0.002000
1.000000,-0.016627,-0.003059,-0.002668,0.001260,-0.000898,0.012133,0.008276,-0.010791,-0.026426,-0.021044,0.002000
1.000000,0.024574,0.001749,0.000848,0.002157,0.000693,0.011364,0.008030,-0.010422,-0.026756,-0.021868,0.002000
1.000000,0.010238,0.003212,0.002459,0.001002,0.001450,0.011127,0.008014,-0.010024,-0.029346,-0.023656,0.002000
1.000000,0.073249,0.019621,0.008931,0.004558,0.004083,0.010298,0.010352,-0.009275,-0.028490,-0.024266,0.002000
1.000000,-0.012456,0.015796,0.006998,0.003776,0.004822,0.010228,0.010652,-0.009847,-0.028482,-0.023749,0.002000
1.000000,-0.013858,0.016349,0.006645,0.003429,0.004645,0.011221,0.010616,-0.008308,-0.028574,-0.025070,0.002000
1.000000,0.081786,0.027792,0.014770,0.007465,0.008597,0.011303,0.011023,-0.007611,-0.032181,-0.029614,0.002000
1.000000,-0.001149,0.025514,0.014363,0.007328,0.009442,0.010835,0.011273,-0.011889,-0.028472,-0.021810,0.002000
1.000000,0.002526,0.011370,0.015495,0.007401,0.008971,0.010850,0.011317,-0.012086,-0.028131,-0.021279,0.002000
1.000000,-0.012924,0.011276,0.013536,0.005481,0.006786,0.011077,0.011482,-0.012240,-0.027699,-0.020968,0.002000
1.000000,-0.022077,0.009632,0.012991,0.005161,0.005170,0.010394,0.011595,-0.012562,-0.028653,-0.020313,0.002000
1.000000,-0.016763,-0.010077,0.008857,0.004853,0.004390,0.010204,0.011047,-0.011954,-0.029622,-0.020883,0.002000
1.000000,0.000241,-0.009799,0.007858,0.005158,0.003287,0.009950,0.010689,-0.011813,-0.029467,-0.020742,0.002000
1.000000,0.010089,-0.008287,0.001541,0.005236,0.003553,0.009532,0.010645,-0.011940,-0.029326,-0.020290,0.002000
1.000000,-0.013232,-0.008348,0.001464,0.004231,0.003005,0.009739,0.011012,-0.012392,-0.028800,-0.019561,0.002000
1.000000,0.008441,-0.002245,0.003694,0.005169,0.003517,0.009722,0.011053,-0.012882,-0.029063,-0.018735,0.002000
1.000000,-0.003609,0.000386,-0.004846,0.004962,0.003361,0.008152,0.010600,-0.012618,-0.030427,-0.020067,0.002000
1.000000,0.002648,0.000867,-0.004466,0.004949,0.003396,0.006744,0.009989,-0.010729,-0.016165,-0.013822,0.002000
1.000000,0.004557,-0.000239,-0.004263,0.005616,0.003513,0.006334,0.009878,-0.010565,-0.015201,-0.011969,0.002000
1.000000,0.007628,0.003933,-0.002208,0.005664,0.002918,0.010356,0.003986,-0.003704,-0.014913,-0.018098,0.002000
1.000000,0.015318,0.005308,0.001532,0.007261,0.003951,0.013808,0.002920,-0.003655,-0.015655,-0.019585,0.002000
1.000000,-0.010816,0.003867,0.002126,0.005492,0.003944,0.014426,0.003169,-0.004708,-0.014997,-0.017367,0.002000
1.000000,0.017110,0.006759,0.003813,0.005835,0.004710,0.015782,0.004312,-0.006029,-0.014599,-0.014636,0.002000
1.000000,-0.018767,0.002095,0.000928,0.001235,0.003800,0.016074,0.003567,-0.006681,-0.015388,-0.014860,0.002000
1.000000,0.001656,0.000900,0.002417,0.001940,0.003626,0.012486,0.009677,-0.007391,-0.013824,-0.015413,0.002000
1.000000,0.000709,-0.002021,0.001643,0.002669,0.003994,0.011427,0.010544,-0.005033,-0.014143,-0.017202,0.002000
1.000000,-0.009494,-0.001757,0.001055,-0.001895,0.003660,0.006544,0.014895,-0.005049,-0.010216,-0.016694,0.002000
1.000000,0.016557,-0.001868,0.002446,-0.001010,0.004114,0.006762,0.014653,-0.004805,-0.010625,-0.017355,0.002000
1.000000,0.017901,0.005466,0.003780,-0.000241,0.005004,0.006965,0.014769,-0.005352,-0.010247,-0.016422,0.002000
1.000000,0.000461,0.005227,0.003063,0.000428,0.004797,0.006375,0.015247,-0.005165,-0.010389,-0.016574,0.002000
1.000000,0.043049,0.013695,0.005837,0.003684,0.006786,0.004571,0.016064,-0.004342,-0.011853,-0.021023,0.002000
1.000000,0.014672,0.018528,0.008385,0.005256,0.006456,0.005367,0.018166,-0.005592,-0.005113,-0.014834,0.002000
1.000000,0.004771,0.016171,0.007152,0.005482,0.006274,0.004585,0.019248,-0.005585,-0.005130,-0.014560,0.002000
1.000000,-0.015261,0.009538,0.007502,0.004215,0.003324,0.005070,0.020070,-0.006862,-0.003117,-0.011981,0.002000
1.000000,0.009620,0.011370,0.008298,0.005358,0.004060,0.003809,0.019836,-0.005451,-0.001574,-0.013562,0.002000
1.000000,0.004559,0.003672,0.008683,0.005163,0.004674,0.004607,0.018239,-0.004171,-0.000046,-0.014708,0.002000
1.000000,-0.058191,-0.010900,0.003814,0.002434,0.000008,0.005260,0.021537,-0.005987,0.003359,-0.013558,0.002000
1.000000,0.056891,-0.000477,0.007847,0.005146,0.001942,0.008876,0.019933,-0.006034,-0.000063,-0.006979,0.001000
1.000000,0.023788,0.007333,0.008436,0.006108,0.002651,0.008564,0.020419,-0.006490,0.002870,-0.009719,0.001000
1.000000,-0.019676,0.001474,0.006422,0.004743,0.002426,0.008170,0.019483,-0.007416,0.003608,-0.006511,0.001000
1.000000,-0.058481,-0.011134,-0.003731,0.001053,0.001213,0.011119,0.019634,-0.007916,0.005687,-0.009747,0.001000
1.000000,0.023536,0.005212,-0.002844,0.002771,0.002556,0.010124,0.019604,-0.006971,0.005573,-0.011440,0.001000
1.000000,0.013772,-0.003412,-0.001944,0.002604,0.003007,0.010639,0.018810,-0.007551,0.005670,-0.010811,0.001000
1.000000,-0.011315,-0.010433,-0.001550,0.002976,0.002293,0.010467,0.019122,-0.007527,0.006239,-0.010639,0.001000
1.000000,0.002006,-0.006096,-0.002311,0.002994,0.002801,0.010271,0.020499,-0.006933,0.005785,-0.013189,0.001000
1.000000,0.004443,0.006489,-0.002323,0.003180,0.002668,0.011585,0.019663,-0.007035,0.006223,-0.014024,0.001000
1.000000,-0.008460,0.000089,0.002651,0.003232,0.002506,0.012213,0.019323,-0.007722,0.005254,-0.012922,0.001000
1.000000,0.002456,-0.002174,-0.002793,0.002527,0.002500,0.011698,0.019286,-0.005439,0.005695,-0.016782,0.001000
1.000000,-0.013019,-0.002515,-0.006474,0.000981,0.001914,0.013221,0.017689,-0.006739,0.006654,-0.013848,0.001000
1.000000,0.006980,-0.001520,-0.003808,0.001307,0.001893,0.013630,0.016783,-0.006896,0.005437,-0.014512,0.001000
1.000000,-0.007658,-0.003940,0.001274,-0.001228,0.001127,0.014139,0.017612,-0.004632,0.008029,-0.015463,0.001000
1.000000,-0.041312,-0.010511,-0.005211,-0.004028,0.000110,0.014314,0.017630,-0.004550,0.007970,-0.015823,0.001000
1.000000,-0.005197,-0.012041,-0.007108,-0.004526,-0.000633,0.014628,0.018646,-0.004856,0.009152,-0.016439,0.001000
1.000000,-0.004035,-0.010244,-0.006380,-0.003965,-0.000142,0.015531,0.018027,-0.005764,0.008613,-0.017136,0.001000
1.000000,0.019546,-0.007731,-0.004625,-0.003468,0.000454,0.015021,0.018356,-0.005824,0.007567,-0.017997,0.001000
1.000000,-0.012437,-0.008687,-0.006314,-0.004318,0.000016,0.017070,0.016711,-0.005170,0.009432,-0.017394,0.001000
1.000000,0.001887,-0.000047,-0.005279,-0.001314,0.000395,0.017109,0.016765,-0.005158,0.009699,-0.017197,0.001000
1.000000,0.005640,0.002120,-0.004960,-0.003877,0.000031,0.019480,0.016181,-0.006058,0.010914,-0.018151,0.001000
1.000000,-0.000469,0.002834,-0.003705,-0.005090,-0.000581,0.021298,0.015012,-0.007541,0.010443,-0.016415,0.001000
1.000000,0.010264,0.000977,-0.003377,-0.003593,-0.000254,0.021593,0.016335,-0.008670,0.009198,-0.016367,0.001000
1.000000,-0.004186,0.002627,-0.003030,-0.000878,-0.001829,0.021342,0.014643,-0.008674,0.007191,-0.015620,0.003000
1.000000,-0.013845,-0.000519,-0.000283,-0.002747,-0.002779,0.019195,0.017151,-0.007760,0.009932,-0.014332,0.003000
1.000000,-0.008066,-0.003261,-0.000570,-0.003839,-0.003207,0.019074,0.017026,-0.007266,0.010410,-0.013746,0.003000
1.000000,0.012075,-0.000752,0.001041,-0.002669,-0.002296,0.024084,0.010993,-0.011285,0.006734,-0.013348,0.003000
1.000000,0.006100,-0.001584,-0.000304,-0.002465,-0.002413,0.023962,0.010987,-0.010927,0.006958,-0.012968,0.003000
1.000000,-0.014372,-0.003621,-0.000497,-0.003405,-0.003044,0.024721,0.010158,-0.011991,0.005676,-0.014742,0.003000
1.000000,0.003790,-0.000095,-0.000307,-0.002793,-0.000978,0.025519,0.007505,-0.011080,0.009041,-0.011403,0.003000
1.000000,-0.015726,-0.001626,-0.002443,-0.003702,-0.003399,0.025575,0.008643,-0.010109,0.008764,-0.013798,0.003000
1.000000,-0.006505,-0.005343,-0.003047,-0.003376,-0.004409,0.025181,0.008744,-0.010305,0.008328,-0.013843,0.003000
1.000000,0.001449,-0.006273,-0.003929,-0.003653,-0.003705,0.023078,0.009122,-0.010601,0.007131,-0.012069,0.003000
1.000000,-0.012142,-0.005827,-0.004724,-0.003877,-0.002160,0.024440,0.008633,-0.009982,0.008191,-0.013008,0.003000
1.000000,0.009241,-0.004736,-0.002416,-0.001349,-0.002636,0.024103,0.008291,-0.009926,0.008415,-0.011915,0.003000
1.000000,0.011792,0.000767,-0.000430,-0.000500,-0.002702,0.023029,0.008299,-0.009866,0.007179,-0.010342,0.003000
1.000000,-0.007203,0.000627,-0.002358,-0.000658,-0.002565,0.023517,0.008039,-0.009911,0.006842,-0.010520,0.003000
1.000000,0.020511,0.004440,-0.000916,-0.000610,-0.001949,0.023463,0.008041,-0.009891,0.006812,-0.010528,0.003000
1.000000,0.015693,0.010007,0.002090,0.000796,-0.001574,0.023582,0.008007,-0.009536,0.006619,-0.010740,0.003000
1.000000,0.019105,0.011980,0.003622,0.001657,-0.000655,0.022973,0.009312,-0.008585,0.006630,-0.011200,0.003000
1.000000,0.008401,0.011301,0.006034,0.001795,-0.000457,0.022199,0.009955,-0.008638,0.005607,-0.011010,0.003000
1.000000,-0.018713,0.008999,0.004813,0.000883,-0.000646,0.022057,0.010429,-0.008360,0.005645,-0.010990,0.003000
1.000000,0.009172,0.006732,0.005586,0.000829,-0.000573,0.022382,0.010729,-0.007585,0.007448,-0.012070,0.003000
1.000000,-0.005264,0.002540,0.006274,0.000775,-0.000493,0.022027,0.010915,-0.008037,0.007350,-0.011801,0.003000
1.000000,-0.053010,-0.011883,0.000048,-0.001184,-0.000883,0.023356,0.012132,-0.009447,0.008562,-0.013540,0.003000
1.000000,-0.006798,-0.014922,-0.001811,-0.001120,-0.000937,0.021946,0.012552,-0.009286,0.006245,-0.011116,0.003000
1.000000,0.025257,-0.006128,0.001435,-0.000461,0.000040,0.023246,0.011646,-0.011725,0.006309,-0.006835,0.003000
1.000000,-0.017492,-0.011461,-0.002365,-0.001641,-0.001195,0.023887,0.012205,-0.012423,0.005359,-0.007092,0.003000
1.000000,-0.041961,-0.018801,-0.008130,-0.003020,-0.002179,0.023363,0.009964,-0.008961,0.003040,-0.005784,0.003000
1.000000,-0.014473,-0.011093,-0.011488,-0.003933,-0.002724,0.024473,0.009226,-0.008238,0.004515,-0.007083,0.003000
1.000000,0.000256,-0.009683,-0.012303,-0.003134,-0.002904,0.023528,0.009560,-0.008863,0.004747,-0.006135,0.003000
1.000000,0.026742,-0.009385,-0.007757,-0.001472,-0.001997,0.023055,0.009095,-0.010114,0.001191,-0.006996,0.003000
1.000000,0.019476,-0.001992,-0.006727,-0.000570,-0.001690,0.023384,0.009107,-0.010330,0.000241,-0.006880,0.003000
1.000000,-0.001710,0.006058,-0.006371,-0.000049,-0.001607,0.021567,0.009537,-0.008722,0.000735,-0.005144,0.003000
1.000000,-0.007117,0.007529,-0.001782,-0.000867,-0.001383,0.014269,0.010811,-0.008204,-0.000066,-0.001128,0.003000
1.000000,0.014427,0.010363,0.000340,-0.000735,-0.000633,0.014182,0.011129,-0.009407,-0.002331,-0.000873,0.003000
1.000000,0.019474,0.008910,-0.000238,0.000599,-0.000387,0.015597,0.009814,-0.009505,-0.001661,0.001358,0.003000
1.000000,0.009243,0.006863,0.002436,0.000035,-0.000282,0.015209,0.009866,-0.009063,-0.001926,0.001328,0.003000
1.000000,-0.008529,0.005500,0.005779,-0.001176,-0.000087,0.014966,0.010531,-0.009817,-0.002703,0.001419,0.003000
1.000000,0.008057,0.008534,0.008032,-0.001728,0.000055,0.015299,0.006271,-0.006693,-0.003334,-0.000809,0.003000
1.000000,0.007758,0.007201,0.008782,-0.001760,0.000838,0.011937,0.007480,-0.007384,-0.001770,-0.002953,0.003000
1.000000,0.002806,0.003867,0.006388,-0.000684,0.001148,0.012191,0.007616,-0.005797,-0.004793,-0.002569,0.003000
1.000000,-0.022675,-0.002516,0.002173,-0.002277,0.000344,0.011671,0.007713,-0.005004,-0.006921,-0.003425,0.003000
1.000000,0.002624,-0.000286,0.002607,-0.001882,0.000836,0.009986,0.006697,-0.003978,-0.008988,-0.003345,0.003000
1.000000,0.008541,-0.000189,0.004173,0.001195,0.000813,0.010787,0.006800,-0.005327,-0.008437,-0.001912,0.003000
1.000000,0.030249,0.004309,0.005755,0.003048,0.001428,0.011218,0.007545,-0.006427,-0.009050,-0.000928,0.003000
1.000000,-0.019207,-0.000093,0.001887,0.000825,0.001028,0.011383,0.007419,-0.006830,-0.010170,-0.001231,0.003000
1.000000,-0.007034,0.003035,0.000259,0.001347,0.000110,0.011803,0.007265,-0.006650,-0.009198,-0.001691,0.003000
1.000000,-0.000706,0.002369,0.001041,0.003410,-0.000437,0.011922,0.007132,-0.006392,-0.008740,-0.002089,0.003000
1.000000,-0.009701,-0.001280,-0.000734,0.003649,-0.001397,0.013726,0.005923,-0.008558,-0.007023,-0.000463,0.003000
1.000000,-0.015575,-0.010445,-0.003068,0.002857,-0.002196,0.014413,0.006468,-0.009205,-0.006583,0.002008,0.003000
1.000000,0.057024,0.004802,0.002354,0.004371,0.000329,0.014109,0.006063,-0.008916,-0.005354,0.006273,0.003000
1.000000,0.009083,0.008025,0.005530,0.003852,0.000326,0.014222,0.005691,-0.008661,-0.005509,0.006019,0.003000
1.000000,0.043134,0.016793,0.009581,0.006094,0.001939,0.014042,0.003759,-0.008427,-0.007117,0.003049,0.003000
1.000000,0.012479,0.021229,0.009975,0.007074,0.004122,0.012628,0.002910,-0.008652,-0.005004,0.004438,0.003000
1.000000,0.000000,0.024344,0.006950,0.006352,0.004348,0.012974,0.002794,-0.008895,-0.004328,0.004607,0.003000
1.000000,0.035084,0.019956,0.012379,0.007133,0.004676,0.014288,0.002705,-0.010309,-0.004522,0.005715,0.003000
1.000000,-0.010376,0.016064,0.012045,0.006152,0.004913,0.015135,0.002484,-0.010434,-0.002414,0.007017,0.003000
1.000000,-0.000835,0.007270,0.012032,0.006537,0.006284,0.014596,0.003392,-0.010398,-0.002239,0.007678,0.003000
1.000000,0.018615,0.008498,0.014863,0.007064,0.007387,0.014460,0.003937,-0.010882,-0.002533,0.008182,0.003000
1.000000,0.011815,0.010861,0.017602,0.007267,0.007772,0.014507,0.003763,-0.010711,-0.002376,0.008038,0.003000
1.000000,0.016868,0.007217,0.013587,0.007970,0.007443,0.014410,0.003671,-0.009871,-0.001100,0.008089,0.003000
1.000000,-0.024593,0.004374,0.010219,0.007874,0.005974,0.014916,0.003061,-0.009704,-0.001344,0.007762,0.003000
1.000000,0.028568,0.010254,0.008762,0.009172,0.006983,0.015428,0.003667,-0.009611,-0.001273,0.007522,0.003000
1.000000,-0.004572,0.005617,0.007057,0.008516,0.007068,0.014319,0.003195,-0.007733,-0.002773,0.006371,0.003000
1.000000,0.022070,0.007668,0.009264,0.008107,0.007323,0.014654,0.003016,-0.008452,-0.001742,0.007861,0.003000
1.000000,-0.003123,0.003670,0.005444,0.008911,0.006570,0.014733,0.002725,-0.008662,-0.001216,0.007530,0.004000
1.000000,0.017826,0.012154,0.008264,0.010154,0.006856,0.015385,0.001391,-0.008125,-0.001366,0.006316,0.004000
1.000000,-0.020175,0.002405,0.006330,0.009181,0.006468,0.015883,0.001875,-0.009185,0.000094,0.008799,0.004000
1.000000,0.009750,0.005270,0.005443,0.010153,0.006524,0.015788,0.001614,-0.009157,-0.000232,0.008901,0.004000
1.000000,-0.011516,-0.001447,0.003110,0.010356,0.005882,0.015368,0.001807,-0.009049,-0.000300,0.008196,0.004000
1.000000,0.003919,-0.000039,0.001815,0.007701,0.005919,0.015520,0.001489,-0.008626,-0.000042,0.007684,0.004000
1.000000,-0.013188,-0.006242,0.002956,0.006587,0.006235,0.014610,0.001734,-0.007581,-0.000951,0.006585,0.004000
1.000000,-0.017187,-0.005644,-0.001620,0.003571,0.005575,0.013666,0.003322,-0.008606,0.000293,0.007467,0.004000
1.000000,0.022325,-0.003129,0.001070,0.004064,0.006034,0.014669,0.001850,-0.009049,-0.000230,0.008961,0.004000
1.000000,-0.024747,-0.005776,-0.003612,0.002826,0.004201,0.015093,0.000397,-0.008875,-0.002228,0.008275,0.004000
1.000000,0.002220,-0.006115,-0.003077,0.001183,0.004915,0.014969,0.000583,-0.008886,-0.001946,0.008249,0.004000
1.000000,0.004024,-0.002673,-0.004457,0.001903,0.005284,0.014233,0.000588,-0.008932,-0.002028,0.007874,0.004000
1.000000,0.011976,0.003160,-0.001242,0.002544,0.005706,0.014032,0.000829,-0.008640,-0.001612,0.007219,0.004000
1.000000,0.020230,0.002741,-0.000194,0.002625,0.006704,0.015311,-0.003257,-0.008214,-0.004976,0.006242,0.004000
1.000000,0.025532,0.012797,0.003510,0.003310,0.008074,0.014670,-0.002929,-0.007747,-0.006595,0.004577,0.004000
1.000000,0.014302,0.015213,0.004549,0.003182,0.006650,0.015062,-0.004431,-0.007946,-0.006946,0.005488,0.004000
1.000000,-0.005245,0.013359,0.005343,0.004149,0.006173,0.014980,-0.003599,-0.007182,-0.005662,0.004835,0.004000
1.000000,-0.018579,0.007248,0.005204,0.001792,0.004116,0.014423,-0.002277,-0.007476,-0.006100,0.003926,0.004000
1.000000,-0.018346,-0.000467,0.001137,0.001103,0.003088,0.015607,-0.006238,-0.006290,-0.007220,0.003403,0.004000
1.000000,-0.019682,-0.009510,0.001643,-0.000984,0.002432,0.015397,-0.005120,-0.006859,-0.006034,0.003360,0.004000
1.000000,-0.012601,-0.014891,0.000161,-0.001458,0.000843,0.014384,-0.004596,-0.007028,-0.006723,0.002976,0.004000
1.000000,0.013595,-0.011123,0.001118,-0.001670,0.001642,0.015043,-0.006339,-0.006119,-0.006778,0.002212,0.004000
1.000000,-0.005376,-0.008482,-0.000617,-0.000930,0.001490,0.012538,-0.000655,-0.008338,-0.001312,0.002693,0.004000
1.000000,0.068660,0.008919,0.004226,0.002016,0.003158,0.012475,0.002483,-0.008220,0.000226,0.004005,0.004000
1.000000,0.004278,0.013711,0.002101,0.002806,0.002907,0.012452,0.002301,-0.008119,-0.000257,0.004057,0.004000
1.000000,0.015287,0.019289,0.002199,0.003374,0.002854,0.012317,0.003029,-0.007197,0.000606,0.003414,0.004000
1.000000,-0.016773,0.013215,0.001046,0.003195,0.003115,0.011360,0.004867,-0.007386,0.001426,0.002994,0.004000
1.000000,-0.023889,0.009513,0.000515,0.002860,0.001367,0.012340,0.004274,-0.007361,0.000525,0.002933,0.004000
1.000000,-0.011680,-0.006555,0.001182,0.001159,0.001130,0.015588,0.001732,-0.003863,-0.003958,-0.001364,0.004000
1.000000,0.040575,0.000704,0.007208,0.004425,0.001746,0.017335,0.001468,-0.002598,-0.003903,-0.003322,0.004000
1.000000,0.003508,-0.001652,0.008818,0.004490,0.001967,0.016261,0.002348,-0.002326,-0.003979,-0.005059,0.004000
1.000000,0.013364,0.004376,0.008795,0.004957,0.001819,0.016497,0.002494,-0.002458,-0.003428,-0.005008,0.004000
1.000000,-0.007484,0.007657,0.008585,0.003984,0.002242,0.014470,0.003281,-0.002644,-0.004201,-0.005096,0.004000
1.000000,0.004388,0.010870,0.002157,0.003192,0.002063,0.014447,0.003294,-0.002628,-0.004278,-0.005142,0.004000
1.000000,0.017450,0.006245,0.003475,0.002788,0.003029,0.014715,0.003082,-0.002677,-0.003357,-0.005206,0.004000
1.000000,0.029932,0.011530,0.004939,0.003569,0.003896,0.015590,0.002483,-0.002900,-0.003689,-0.004394,0.004000
1.000000,0.002953,0.009448,0.006912,0.003979,0.004434,0.015489,0.002302,-0.003437,-0.000383,-0.003018,0.004000
1.000000,0.003636,0.011672,0.009664,0.005090,0.005128,0.015429,0.002427,-0.003586,-0.000064,-0.002840,0.004000
1.000000,-0.011822,0.008430,0.009650,0.005416,0.003990,0.015577,0.003265,-0.003979,-0.001006,-0.003236,0.004000
1.000000,0.009226,0.006785,0.006515,0.006861,0.005122,0.015810,0.001805,-0.003513,-0.002335,-0.002662,0.004000
1.000000,-0.001561,0.000487,0.006008,0.007413,0.004996,0.015977,0.000296,-0.003245,-0.003946,-0.002693,0.004000
1.000000,-0.006267,-0.001358,0.004045,0.006420,0.004653,0.015108,0.000134,-0.003841,-0.005444,-0.001027,0.004000
1.000000,0.013875,0.000690,0.006181,0.007383,0.004716,0.015030,0.000346,-0.003377,-0.004395,-0.002000,0.004000
1.000000,0.001893,0.003433,0.005931,0.004044,0.004105,0.014254,0.002739,-0.001778,-0.007166,-0.005791,0.005000
1.000000,-0.003789,0.000830,0.003808,0.003641,0.003128,0.014305,0.002689,-0.001021,-0.007050,-0.004727,0.005000
1.000000,0.011325,0.003407,0.001947,0.003443,0.003028,0.013123,0.005489,0.000029,-0.010416,-0.013365,0.005000
1.000000,-0.010980,0.002465,0.000554,0.003733,0.002837,0.013454,0.005285,0.001052,-0.011316,-0.014725,0.005000
1.000000,0.012173,0.002124,0.001407,0.005536,0.003862,0.013574,0.007207,0.001457,-0.010638,-0.012521,0.005000
1.000000,-0.006154,0.000515,0.001974,0.005812,0.004269,0.011476,0.009284,-0.000209,-0.008379,-0.011356,0.005000
1.000000,0.005642,0.002401,0.001616,0.004065,0.005113,0.011411,0.009061,-0.000384,-0.008859,-0.011267,0.005000
1.000000,0.002724,0.000681,0.002044,0.004026,0.005624,0.010292,0.009396,0.000496,-0.008003,-0.012269,0.005000
1.000000,0.005934,0.004064,0.003264,0.003655,0.005368,0.010025,0.009103,0.000296,-0.008917,-0.012180,0.005000
1.000000,0.005058,0.002641,0.002383,0.004282,0.005716,0.008886,0.009735,-0.000676,-0.011973,-0.016629,0.005000
1.000000,-0.012694,0.001333,0.000924,0.003428,0.003004,0.009246,0.008510,-0.000280,-0.008928,-0.016502,0.005000
1.000000,-0.008381,-0.001472,0.000465,0.002136,0.002582,0.008992,0.008945,-0.000570,-0.009242,-0.016711,0.005000
1.000000,-0.006721,-0.003361,-0.001340,0.000304,0.001849,0.008655,0.008534,-0.001696,-0.011682,-0.017790,0.005000
1.000000,-0.011653,-0.006878,-0.001407,-0.000427,0.002019,0.009109,0.007798,-0.001734,-0.010929,-0.016580,0.005000
1.000000,0.004712,-0.006947,-0.002153,-0.000373,0.002973,0.008830,0.007294,-0.001823,-0.009309,-0.015198,0.005000
1.000000,-0.007516,-0.005912,-0.002289,-0.000158,0.003112,0.009460,0.007100,-0.002711,-0.009215,-0.015038,0.005000
1.000000,-0.007042,-0.005644,-0.003558,-0.000971,0.001524,0.008641,0.007377,-0.001962,-0.013791,-0.018609,0.005000
1.000000,0.019941,-0.000311,-0.001836,0.000104,0.002072,0.009032,0.005642,-0.002122,-0.013075,-0.016532,0.005000
1.000000,-0.036868,-0.005354,-0.006116,-0.001426,0.000398,0.009361,0.005347,-0.001858,-0.011404,-0.013075,0.005000
1.000000,-0.010295,-0.008356,-0.007652,-0.002635,0.000304,0.008451,0.005647,-0.001354,-0.010043,-0.012172,0.005000
1.000000,0.010655,-0.004722,-0.005317,-0.002196,0.000513,0.008572,0.005997,-0.001460,-0.009941,-0.012378,0.004000
1.000000,0.001436,-0.003026,-0.004335,-0.001935,-0.000021,0.008708,0.005337,-0.001501,-0.010384,-0.012174,0.004000
1.000000,0.006258,-0.005763,-0.003037,-0.002188,-0.000810,0.008804,0.005045,-0.001778,-0.010630,-0.011928,0.004000
1.000000,0.051926,0.011996,0.003321,0.000957,0.000822,0.011894,0.002365,-0.001227,-0.013374,-0.013902,0.004000
1.000000,-0.004410,0.013173,0.002409,0.000128,0.000554,0.012354,0.001890,-0.000605,-0.013194,-0.012500,0.004000
1.000000,0.003224,0.011687,0.003483,0.000597,0.001056,0.011174,0.002511,0.000534,-0.014184,-0.013974,0.004000
1.000000,0.009276,0.013255,0.005114,0.000778,0.001057,0.011130,0.003076,0.000991,-0.012038,-0.013532,0.004000
1.000000,0.013009,0.014605,0.004421,0.001292,0.001543,0.011238,0.002656,0.000737,-0.012532,-0.014034,0.004000
1.000000,0.008908,0.006001,0.008999,0.001441,0.002049,0.011455,0.002762,-0.000123,-0.011997,-0.012884,0.004000
1.000000,0.000657,0.007015,0.010094,0.001221,0.001608,0.011651,0.002508,-0.000155,-0.012105,-0.012176,0.004000
1.000000,-0.007248,0.004920,0.008304,0.001493,0.001304,0.011733,0.003466,-0.000404,-0.011737,-0.010730,0.004000
1.000000,0.019644,0.006994,0.010124,0.002895,0.002085,0.012823,0.002384,-0.000482,-0.007260,-0.007981,0.004000
1.000000,0.014484,0.007289,0.010947,0.003955,0.002190,0.012154,0.002954,-0.000971,-0.006604,-0.010744,0.004000
1.000000,-0.009955,0.003516,0.004759,0.004040,0.002224,0.012076,0.003007,-0.001675,-0.007539,-0.010920,0.004000
1.000000,-0.006313,0.002122,0.004569,0.003489,0.001608,0.011707,0.002311,-0.001457,-0.007013,-0.009759,0.004000
1.000000,-0.009135,0.001745,0.003333,0.003408,0.001509,0.011832,0.001985,-0.001398,-0.007922,-0.007942,0.004000
1.000000,-0.022708,-0.006726,0.000134,0.002624,0.000564,0.011475,0.001749,-0.001955,-0.008535,-0.006815,0.004000
1.000000,-0.028224,-0.015267,-0.003989,0.000216,-0.000468,0.013430,0.000527,-0.002249,-0.008028,-0.004562,0.004000
1.000000,0.008756,-0.011525,-0.004004,0.002497,-0.000374,0.013334,0.002665,-0.002548,-0.007054,-0.003683,0.004000
1.000000,-0.016199,-0.013502,-0.005690,0.002202,-0.001083,0.012899,0.002083,-0.000280,-0.004567,0.004723,0.004000
1.000000,0.013460,-0.008983,-0.003619,0.002342,-0.000211,0.011579,-0.001545,-0.002221,-0.009136,0.001905,0.004000
1.000000,0.008024,-0.002836,-0.004781,0.002672,0.000336,0.011524,-0.001215,-0.002214,-0.009449,0.002113,0.004000
1.000000,-0.006654,0.001478,-0.006895,0.002026,0.000338,0.012039,-0.000412,-0.002750,-0.007668,0.003247,0.004000
1.000000,-0.004632,-0.001200,-0.006362,-0.000802,0.000572,0.012311,-0.001865,-0.003041,-0.006758,0.003797,0.004000
1.000000,0.177581,0.037556,0.012027,0.008298,0.006335,0.019311,-0.013826,-0.015495,-0.014791,0.010492,0.004000
1.000000,0.005886,0.036041,0.013529,0.008431,0.006781,0.019879,-0.013184,-0.017848,-0.011722,0.011729,0.004000
1.000000,0.025719,0.039580,0.018372,0.009253,0.007873,0.017891,-0.014655,-0.018327,-0.010779,0.014690,0.004000
1.000000,-0.058752,0.029160,0.015319,0.005665,0.005250,0.016559,-0.016551,-0.014505,-0.020512,0.011103,0.004000
1.000000,0.000148,0.030116,0.014458,0.005227,0.006484,0.015987,-0.016475,-0.013991,-0.021077,0.010864,0.004000
1.000000,0.002659,-0.004868,0.016344,0.005327,0.006916,0.018124,-0.016790,-0.013845,-0.020699,0.011212,0.004000
1.000000,0.007057,-0.004634,0.015704,0.006042,0.006796,0.018058,-0.016935,-0.013589,-0.020741,0.009654,0.004000
1.000000,-0.012382,-0.012254,0.013663,0.004441,0.006335,0.017489,-0.016302,-0.013030,-0.018861,0.008861,0.004000
1.000000,0.006505,0.000797,0.014979,0.004042,0.006344,0.015699,-0.015958,-0.012631,-0.019190,0.008597,0.004000
1.000000,0.016660,0.004100,0.017108,0.005373,0.005168,0.017994,-0.015219,-0.013707,-0.016797,0.009909,0.004000
1.000000,0.023490,0.008266,0.001699,0.006863,0.006098,0.016685,-0.013488,-0.013529,-0.016858,0.011548,0.004000
1.000000,0.016288,0.010112,0.002739,0.008134,0.006534,0.016878,-0.012360,-0.013079,-0.015144,0.012222,0.004000
1.000000,-0.011909,0.010207,-0.001024,0.008674,0.005827,0.016250,-0.013124,-0.012270,-0.014707,0.013942,0.004000
1.000000,-0.013480,0.006210,0.003504,0.009411,0.004944,0.016699,-0.013145,-0.012315,-0.013802,0.013565,0.004000
1.000000,0.000857,0.003049,0.003574,0.009016,0.004676,0.017350,-0.013264,-0.012285,-0.013741,0.012915,0.004000
1.000000,0.014595,0.001270,0.004768,0.010556,0.005141,0.017737,-0.013741,-0.012257,-0.011839,0.013419,0.004000
1.000000,0.003791,-0.001229,0.004441,0.010072,0.005509,0.018226,-0.013748,-0.011940,-0.011507,0.013711,0.004000
1.000000,-0.003088,0.000535,0.005371,0.009517,0.004751,0.016806,-0.013371,-0.011647,-0.009016,0.016756,0.004000
1.000000,0.008259,0.004883,0.005546,0.010263,0.004543,0.013241,-0.010978,-0.010173,-0.008837,0.013783,0.004000
1.000000,-0.014746,0.001762,0.002406,0.009757,0.004384,0.013022,-0.009444,-0.014066,-0.007045,0.015067,0.004000
1.000000,-0.014680,-0.004093,-0.001411,0.000144,0.004105,0.013907,-0.009718,-0.014843,-0.007558,0.015798,0.004000
1.000000,-0.002300,-0.005311,-0.003270,-0.000266,0.004333,0.017369,-0.011144,-0.012846,-0.008907,0.015213,0.004000
1.000000,-0.010124,-0.006718,-0.003092,-0.002058,0.004752,0.017442,-0.010901,-0.012685,-0.009478,0.015767,0.004000
1.000000,-0.000873,-0.008545,-0.001831,0.000836,0.005664,0.016899,-0.011055,-0.012103,-0.009100,0.014999,0.004000
1.000000,0.014875,-0.002620,-0.000429,0.001573,0.005868,0.016222,-0.010644,-0.012141,-0.009250,0.014771,0.004000
