1.000000,0.038765,0.011275,0.010199,0.010445,0.006473,0.017892,0.005561,0.015603,0.033381,0.004381,0.000000
1.000000,-0.011152,0.007309,0.004657,0.008501,0.005541,0.017844,0.004640,0.016611,0.031981,0.002041,0.000000
1.000000,0.032159,0.016283,0.008445,0.009412,0.006905,0.018252,0.005309,0.015955,0.030054,0.003703,0.000000
1.000000,0.002170,0.020385,0.006822,0.010142,0.006761,0.018400,0.005013,0.013678,0.027001,0.002942,0.000000
1.000000,-0.029215,0.006545,0.003834,0.008097,0.005174,0.019486,0.006069,0.011447,0.025936,0.005254,0.000000
1.000000,-0.000638,-0.001335,0.004970,0.006479,0.005982,0.019225,0.007374,0.011272,0.024764,0.006556,0.000000
1.000000,-0.010582,-0.001221,0.003044,0.004943,0.006064,0.019504,0.008181,0.008168,0.024526,0.009252,0.000000
1.000000,-0.014286,-0.010510,0.002886,0.004336,0.005217,0.019474,0.008329,0.008602,0.024304,0.009686,0.000000
1.000000,-0.017151,-0.014374,0.003005,0.003496,0.004429,0.018934,0.008223,0.010364,0.024662,0.006319,0.000000
1.000000,0.029178,-0.002696,0.001925,0.004229,0.005579,0.019096,0.011131,0.009260,0.024360,0.011890,0.000000
1.000000,-0.044261,-0.011420,-0.006378,0.001910,0.004838,0.019634,0.013120,0.006710,0.024282,0.016145,0.000000
1.000000,0.015416,-0.006221,-0.003721,0.000468,0.004427,0.019306,0.014333,0.007581,0.023064,0.011653,0.000000
1.000000,-0.006004,-0.004564,-0.007537,0.000454,0.003762,0.019345,0.014153,0.007540,0.021369,0.008826,0.000000
1.000000,0.022495,0.003365,-0.005505,0.000659,0.004926,0.019453,0.014996,0.007877,0.020610,0.009792,0.000000
1.000000,0.009118,-0.000647,-0.001672,0.001081,0.004841,0.018698,0.015988,0.005593,0.017051,0.008291,0.000000
1.000000,-0.021626,0.003880,-0.003770,0.000600,0.003062,0.015730,0.010536,0.010587,0.001170,-0.005032,0.000000
1.000000,0.003307,0.001458,-0.002381,0.000331,0.002502,0.015647,0.011147,0.011476,0.002334,-0.006389,0.000000
1.000000,-0.010621,0.000535,-0.002015,0.000436,0.002219,0.015970,0.009084,0.010343,0.004020,-0.007109,0.000000
1.000000,0.035402,0.003116,0.003240,0.003123,0.003411,0.016191,0.009475,0.012553,0.006505,-0.003826,0.000000
1.000000,0.003536,0.002000,0.000676,0.001300,0.003045,0.014937,0.006174,0.011952,0.001387,-0.007853,0.000000
1.000000,0.015603,0.009445,0.006663,0.000142,0.003494,0.014851,0.007689,0.011859,-0.000635,-0.008423,0.000000
1.000000,0.045097,0.017804,0.009631,0.002955,0.003522,0.015342,0.007412,0.011982,-0.002371,-0.009136,0.000000
1.000000,-0.033787,0.013170,0.006852,-0.000342,0.002587,0.015605,0.007532,0.008997,-0.007326,-0.009138,0.000000
1.000000,0.005297,0.007149,0.005133,-0.000186,0.002150,0.015698,0.008824,0.013935,-0.005502,-0.010596,0.000000
1.000000,0.042586,0.014959,0.008479,0.003404,0.003547,0.015000,0.010284,0.015667,-0.006790,-0.010917,0.000000
1.000000,-0.014397,0.008959,0.009202,0.002716,0.003467,0.015087,0.010536,0.015164,-0.008155,-0.010561,0.000000
1.000000,0.005123,0.000964,0.009384,0.003501,0.003349,0.015277,0.012825,0.014497,-0.011678,-0.009197,0.000000
1.000000,0.008381,0.009398,0.011284,0.004635,0.004052,0.015257,0.011424,0.009503,-0.012882,-0.004231,0.000000
1.000000,-0.008982,0.006542,0.006846,0.005043,0.004364,0.015839,0.010203,0.007387,-0.010544,-0.004753,0.000000
1.000000,0.005997,-0.000776,0.007092,0.003884,0.003231,0.015690,0.009849,0.008111,-0.009618,-0.005349,0.000000
1.000000,0.017191,0.005542,0.007250,0.006957,0.002512,0.015900,0.009917,0.005563,-0.013861,-0.004717,0.000000
1.000000,-0.006486,0.003220,0.002092,0.005861,0.002667,0.016892,0.010333,0.007217,-0.009499,-0.004486,0.000000
1.000000,-0.035218,-0.005500,0.001949,0.004401,0.000421,0.014586,0.007511,0.008494,-0.014703,-0.014255,0.000000
1.000000,-0.035551,-0.010813,-0.002136,0.001498,-0.000836,0.014485,0.007249,0.008619,-0.014646,-0.014520,0.000000
1.000000,-0.016323,-0.015277,-0.008027,0.000226,-0.000406,0.014257,0.007318,0.008377,-0.015343,-0.014500,0.000000
1.000000,-0.000969,-0.018909,-0.006684,0.001259,-0.000417,0.012832,0.008621,0.008704,-0.017359,-0.018035,0.000000
1.000000,-0.041886,-0.025989,-0.011385,-0.001000,-0.001461,0.012944,0.009313,0.007921,-0.018614,-0.017017,0.000000
1.000000,0.009387,-0.017068,-0.011284,0.000000,-0.000672,0.012899,0.009218,0.007685,-0.019209,-0.016062,0.000000
1.000000,0.024391,-0.005080,-0.007947,-0.000551,0.000713,0.013198,0.009868,0.006906,-0.020613,-0.016706,0.000000
1.000000,-0.007846,-0.003384,-0.009331,-0.001120,-0.000521,0.013194,0.009768,0.007175,-0.020577,-0.016606,0.000000
1.000000,-0.005925,-0.004376,-0.011642,-0.002196,0.000757,0.012482,0.010776,0.011266,-0.017601,-0.017995,0.000000
1.000000,-0.014968,0.001008,-0.012491,-0.005199,-0.000256,0.012493,0.009861,0.014054,-0.015229,-0.021213,0.000000
1.000000,0.017606,0.002652,-0.007208,-0.002630,0.000531,0.013034,0.010907,0.012083,-0.014321,-0.021492,0.000000
1.000000,0.034626,0.004699,-0.000191,-0.001163,0.000935,0.012949,0.010742,0.015901,-0.011346,-0.023007,0.000000
1.000000,0.024817,0.011231,0.003923,-0.002052,0.001459,0.012477,0.011876,0.016329,-0.013186,-0.025723,0.000000
1.000000,0.018445,0.016105,0.005865,-0.000410,0.002794,0.012930,0.010843,0.016824,-0.011228,-0.025133,0.000000
1.000000,-0.002440,0.018611,0.009809,-0.000788,0.002603,0.012849,0.011280,0.015925,-0.012571,-0.025093,0.000000
1.000000,-0.010745,0.012941,0.007796,-0.001744,0.002599,0.012827,0.011082,0.016114,-0.012455,-0.025105,0.000000
1.000000,-0.003401,0.005335,0.005017,-0.001465,0.001305,0.012985,0.010861,0.015326,-0.013810,-0.025536,0.000000
1.000000,-0.000620,0.000248,0.005740,-0.001796,0.001167,0.013374,0.008625,0.012603,-0.015616,-0.026492,0.000000
1.000000,-0.001240,-0.003689,0.006208,-0.002717,0.000605,0.013648,0.007837,0.015378,-0.016981,-0.028549,0.000000
1.000000,-0.019108,-0.007023,0.005794,-0.003348,-0.001535,0.013284,0.007631,0.014029,-0.018543,-0.025581,0.000000
1.000000,-0.026925,-0.010259,0.001341,-0.002934,-0.001306,0.012434,0.009185,0.016482,-0.019353,-0.030578,0.000000
1.000000,0.014834,-0.006612,-0.000638,-0.000414,-0.000988,0.012586,0.009406,0.015600,-0.020220,-0.029619,0.000000
1.000000,0.000640,-0.006360,-0.003056,0.000434,-0.002386,0.012379,0.008905,0.013919,-0.022574,-0.028057,0.000000
1.000000,0.000640,-0.005984,-0.004836,0.000514,-0.001885,0.012408,0.008410,0.013552,-0.022843,-0.027844,0.000000
1.000000,0.002235,-0.001715,-0.004369,0.002720,-0.001981,0.012924,0.009195,0.012439,-0.022020,-0.027852,0.000000
1.000000,0.007626,0.005195,-0.002532,0.002632,-0.002007,0.013098,0.008764,0.012385,-0.021214,-0.028154,0.000000
1.000000,0.005367,0.003302,-0.001655,0.001681,-0.001528,0.012452,0.009872,0.011930,-0.022372,-0.028823,0.000000
1.000000,-0.001576,0.002859,-0.001751,0.001994,-0.001781,0.011296,0.009193,0.012166,-0.024707,-0.027832,0.000000
1.000000,-0.009506,0.000829,-0.002577,0.001815,-0.002671,0.012222,0.006642,0.012287,-0.025603,-0.027334,0.000000
1.000000,-0.022864,-0.004190,-0.002953,0.001421,-0.003216,0.011823,0.008995,0.014078,-0.023885,-0.028049,0.000000
1.000000,-0.033789,-0.012473,-0.003639,-0.001149,-0.003169,0.012120,0.008910,0.012866,-0.023210,-0.028089,0.000000
1.000000,0.001010,-0.013345,-0.005022,-0.002830,-0.001950,0.012331,0.008853,0.013540,-0.021975,-0.027776,0.000000
1.000000,-0.007432,-0.014516,-0.005829,-0.004442,-0.001654,0.011327,0.009187,0.012364,-0.025855,-0.027726,0.000000
1.000000,0.014142,-0.009787,-0.004479,-0.004657,-0.001150,0.011367,0.009518,0.011375,-0.026375,-0.028173,0.000000
1.000000,0.027697,0.000325,-0.001932,-0.003151,0.001169,0.011879,0.005639,0.017487,-0.025116,-0.033711,0.000000
1.000000,0.008420,0.008767,-0.001853,-0.002192,0.001137,0.011290,0.004822,0.017666,-0.025180,-0.034044,0.000000
1.000000,-0.025806,0.003404,-0.004970,-0.003313,-0.000536,0.010893,0.005090,0.017696,-0.026532,-0.034830,0.000000
1.000000,-0.016347,0.001621,-0.006448,-0.004099,-0.000820,0.011188,0.003898,0.019263,-0.024574,-0.034859,0.000000
1.000000,-0.060667,-0.013341,-0.011564,-0.007070,-0.002644,0.012795,0.004466,0.024541,-0.018944,-0.037275,0.000000
1.000000,0.001072,-0.018666,-0.009170,-0.006061,-0.002110,0.011372,0.004048,0.025928,-0.017716,-0.035335,0.000000
1.000000,-0.031553,-0.026660,-0.008946,-0.006293,-0.003748,0.010663,0.004298,0.024193,-0.019936,-0.034586,0.000000
1.000000,0.007708,-0.019957,-0.008277,-0.006649,-0.004645,0.010656,0.005407,0.026053,-0.012040,-0.032967,0.000000
1.000000,0.003650,-0.015958,-0.007169,-0.006499,-0.005351,0.010578,0.005683,0.026676,-0.010515,-0.032622,0.000000
1.000000,-0.002919,-0.004408,-0.008875,-0.006677,-0.006063,0.010379,0.006563,0.025977,-0.010622,-0.029313,0.000000
1.000000,0.005829,-0.003457,-0.011061,-0.006497,-0.005788,0.010481,0.005772,0.024780,-0.008364,-0.029659,0.000000
1.000000,-0.022778,-0.001702,-0.014181,-0.008017,-0.006189,0.011923,0.005711,0.008436,-0.014697,-0.020328,0.000000
1.000000,0.009983,-0.001247,-0.010602,-0.007786,-0.005743,0.010979,0.009084,0.005316,-0.017349,-0.025127,0.000000
1.000000,-0.026847,-0.007346,-0.011652,-0.009050,-0.006617,0.011031,0.011599,0.004387,-0.016515,-0.024752,0.000000
1.000000,0.014259,-0.003911,-0.004160,-0.007862,-0.006100,0.011565,0.010492,0.004818,-0.014957,-0.024858,0.000000
1.000000,0.005203,-0.004036,-0.003747,-0.006458,-0.005290,0.011136,0.010920,0.004308,-0.012794,-0.022413,0.000000
1.000000,-0.036230,-0.006726,-0.004214,-0.006580,-0.005600,0.010147,0.012845,0.003250,-0.014599,-0.022863,0.000000
1.000000,0.006512,-0.007421,-0.004334,-0.006305,-0.005877,0.010920,0.011212,0.005071,-0.008743,-0.019462,0.000000
1.000000,0.051351,0.008219,0.000436,-0.003366,-0.004187,0.011944,0.010771,0.005028,-0.007747,-0.021808,0.000000
1.000000,-0.013511,0.002665,-0.000623,-0.004749,-0.004659,0.012847,0.010566,0.003101,-0.004059,-0.020487,0.000000
1.000000,0.016047,0.004834,0.000399,-0.005331,-0.004198,0.013658,0.010436,0.003934,-0.000527,-0.019422,0.000000
1.000000,0.049410,0.021962,0.007618,-0.003282,-0.002806,0.014691,0.008339,0.005017,0.000129,-0.024895,0.000000
1.000000,-0.011429,0.018374,0.005476,-0.002563,-0.003365,0.014795,0.008073,0.005695,0.000354,-0.023849,0.000000
1.000000,0.015552,0.011214,0.009716,-0.000968,-0.002794,0.014658,0.008536,0.004820,-0.000977,-0.023948,0.000000
1.000000,-0.001716,0.013573,0.008119,0.001980,-0.002535,0.015010,0.007933,0.004814,0.000083,-0.022572,0.000000
1.000000,-0.000687,0.010226,0.007530,0.001892,-0.001796,0.014669,0.008061,0.004558,-0.000013,-0.023197,0.000000
1.000000,-0.002754,-0.000207,0.010878,0.003332,-0.000761,0.015470,0.008700,0.004544,0.002160,-0.017162,0.000000
1.000000,-0.015633,-0.001048,0.008663,0.002165,-0.001316,0.015824,0.008110,0.004819,0.002852,-0.015280,0.000000
1.000000,0.041494,0.004141,0.007677,0.004057,0.000315,0.017029,0.007161,0.006727,0.006073,-0.017035,0.000000
1.000000,0.023570,0.009198,0.011385,0.005381,0.000629,0.017104,0.007811,0.007993,0.007246,-0.018989,0.000000
1.000000,0.014979,0.012331,0.011279,0.005839,0.000205,0.016683,0.008494,0.006755,0.010124,-0.018690,0.000000
1.000000,-0.048338,0.003214,0.001504,0.004561,-0.001687,0.016571,0.009611,0.006307,0.007812,-0.022004,0.000000
1.000000,-0.010571,0.004227,0.001590,0.003533,-0.001179,0.016215,0.009878,0.006442,0.007990,-0.022128,0.000000
1.000000,-0.031693,-0.010411,-0.003135,0.003291,-0.001690,0.016856,0.009094,0.006389,0.009240,-0.021755,0.000000
1.000000,0.001414,-0.014842,-0.002822,0.002648,0.000379,0.016948,0.008282,0.005978,0.009677,-0.020735,0.000000
1.000000,-0.003894,-0.018617,-0.003143,0.002194,0.000214,0.016667,0.007913,0.006635,0.008401,-0.021111,0.000000
1.000000,-0.003554,-0.009660,-0.003223,0.003827,0.001147,0.016765,0.007705,0.006579,0.009991,-0.020834,0.000000
1.000000,-0.018685,-0.011283,-0.003528,0.002568,0.000267,0.017217,0.007717,0.003977,0.011275,-0.022891,0.000000
1.000000,0.007228,-0.003498,-0.006954,0.000361,0.000386,0.017425,0.007544,0.002456,0.011929,-0.023064,0.000000
1.000000,-0.010498,-0.005881,-0.010361,0.000512,0.000134,0.017319,0.007056,0.003212,0.011953,-0.023147,0.000000
1.000000,-0.015402,-0.008182,-0.013399,-0.001060,-0.000574,0.016850,0.007475,0.002914,0.011589,-0.023637,0.000000
1.000000,-0.002220,-0.007915,-0.008788,-0.003642,0.000111,0.016853,0.007545,0.002841,0.011985,-0.023579,0.000000
1.000000,0.020891,0.000000,-0.005641,-0.002026,0.000475,0.017283,0.006803,0.002777,0.011647,-0.023979,0.000000
1.000000,-0.003270,-0.002100,-0.002799,-0.002967,0.001261,0.017534,0.006575,0.003548,0.012621,-0.023679,0.000000
1.000000,-0.020961,-0.004192,-0.005036,-0.003929,0.000087,0.017580,0.006485,0.003431,0.012229,-0.023791,0.000000
1.000000,0.008142,0.000517,-0.003833,-0.003488,0.000185,0.016892,0.007740,0.003568,0.014742,-0.021198,0.000000
1.000000,0.031921,0.007345,-0.000285,-0.001754,0.002457,0.017505,0.007610,0.004579,0.016460,-0.016916,0.000000
1.000000,-0.012936,0.000580,0.000290,-0.001619,0.001808,0.017379,0.007394,0.005039,0.017001,-0.018009,0.000000
1.000000,0.014006,0.004035,0.000968,-0.002993,0.000563,0.018199,0.006197,0.006394,0.018297,-0.019141,0.000000
1.000000,0.008876,0.010002,0.002905,-0.003728,0.001310,0.018461,0.005647,0.006333,0.018739,-0.019527,0.000000
1.000000,-0.008163,0.006741,0.003629,-0.004885,0.000503,0.017852,0.005869,0.006600,0.017517,-0.020827,0.000000
1.000000,-0.027825,-0.005208,0.001068,-0.003860,-0.002072,0.017017,0.006205,0.007636,0.017149,-0.021173,0.000000
1.000000,0.009845,-0.000652,-0.000036,-0.002839,-0.001363,0.016838,0.006643,0.007257,0.016208,-0.019954,0.000000
1.000000,-0.053664,-0.014186,-0.005076,-0.003937,-0.003670,0.017543,0.005157,0.011409,0.017336,-0.019198,0.000000
1.000000,0.016328,-0.012696,-0.001347,-0.003192,-0.003068,0.017528,0.005956,0.011507,0.016816,-0.019424,0.000000
1.000000,0.007878,-0.009487,-0.001373,-0.002603,-0.002783,0.018084,0.004024,0.010780,0.016311,-0.019583,0.000000
1.000000,0.010779,-0.001767,-0.003487,-0.001886,-0.002332,0.017929,0.004004,0.011861,0.018921,-0.019505,0.000000
1.000000,-0.027738,-0.009283,-0.004968,-0.002339,-0.002735,0.018038,0.003143,0.012436,0.018129,-0.017066,0.000000
1.000000,-0.001141,0.001221,-0.006482,-0.002757,-0.004156,0.018201,0.002753,0.012585,0.018690,-0.017773,0.000000
1.000000,-0.007639,-0.003572,-0.008134,-0.002614,-0.005197,0.018169,0.002876,0.012426,0.019184,-0.018106,0.000000
1.000000,-0.003072,-0.005762,-0.007625,-0.001998,-0.005798,0.017655,0.004411,0.011657,0.018536,-0.014722,0.000000
1.000000,0.010712,-0.005776,-0.003771,-0.001351,-0.003830,0.017941,0.004859,0.010909,0.018818,-0.015078,0.000000
1.000000,0.001901,0.000152,-0.004566,-0.002301,-0.003414,0.018130,0.004840,0.010298,0.019985,-0.011258,0.000000
1.000000,0.029194,0.006219,0.003720,-0.000678,-0.001385,0.018454,0.004488,0.010985,0.021042,-0.011196,0.000000
1.000000,-0.007405,0.006266,0.001347,0.000000,-0.001679,0.018225,0.003791,0.011224,0.020592,-0.011248,0.000000
1.000000,0.039349,0.014750,0.004494,0.001560,-0.000237,0.019995,0.002510,0.006892,0.017617,-0.014648,0.000000
1.000000,-0.023131,0.007982,0.001103,-0.001192,-0.000890,0.020688,0.003141,0.008026,0.021436,-0.015726,0.000000
1.000000,-0.016590,0.004283,0.002218,-0.001375,-0.000820,0.020967,0.001237,0.006677,0.017022,-0.019186,0.000000
1.000000,-0.013473,-0.004250,0.000984,-0.002749,-0.001510,0.020993,0.001212,0.006571,0.016838,-0.018718,0.000000
1.000000,0.006759,-0.001417,0.002424,-0.002855,-0.000935,0.021480,0.000060,0.006699,0.017154,-0.021173,0.000000
1.000000,0.003363,-0.008614,0.003068,-0.002279,-0.000309,0.021471,0.000320,0.006195,0.016580,-0.020911,0.000000
1.000000,0.006321,-0.002724,0.002629,-0.000571,-0.000025,0.020799,0.000443,0.013320,0.018777,-0.020888,0.000000
1.000000,0.013986,0.003391,0.003837,-0.000364,-0.000255,0.020754,0.000419,0.013923,0.019080,-0.020544,0.000000
1.000000,0.019186,0.009923,0.002837,0.003278,0.000494,0.020301,0.000168,0.014015,0.019725,-0.016507,0.000000
1.000000,-0.035399,0.001491,0.000037,0.000692,0.000012,0.019826,0.001041,0.013181,0.013171,-0.016633,0.000000
1.000000,0.023859,0.005591,-0.001512,0.001491,0.000536,0.019881,0.002125,0.010478,0.010126,-0.018778,0.000000
1.000000,0.012615,0.006849,0.002063,0.001583,-0.000107,0.019716,-0.002224,0.010278,0.008548,-0.021132,0.000000
1.000000,-0.003948,0.003263,0.003327,0.002772,0.000192,0.020004,-0.001790,0.009888,0.007519,-0.022895,0.000000
1.000000,0.006094,0.000644,0.005284,0.003134,-0.000071,0.019017,-0.003226,0.008626,0.006663,-0.018494,0.000000
1.000000,-0.014762,0.004772,0.003132,0.002778,-0.000859,0.018534,-0.003631,0.010024,0.004678,-0.017869,0.000000
1.000000,0.003982,0.000796,0.003194,0.003131,-0.000454,0.017206,-0.003758,0.009585,0.002644,-0.016568,0.000000
1.000000,0.003966,-0.000933,0.002958,0.002793,0.000605,0.016594,-0.001210,0.007506,0.002406,-0.011472,0.000000
1.000000,-0.004327,-0.001009,0.001127,0.002482,0.000133,0.016562,-0.001197,0.007350,0.002293,-0.011782,0.000000
1.000000,-0.026737,-0.007576,-0.003466,-0.000315,0.001030,0.016649,-0.000938,0.007876,0.002378,-0.011670,0.000000
1.000000,0.000742,-0.004475,0.000148,0.000093,0.000511,0.016727,-0.001166,0.008415,0.003966,-0.011375,0.000000
1.000000,0.034989,0.001727,0.001262,-0.000125,0.001415,0.017565,-0.001131,0.008511,0.004982,-0.009247,0.000000
1.000000,0.037608,0.008455,0.003761,0.002912,0.002309,0.017595,-0.000572,0.007936,0.006381,-0.010410,0.000000
1.000000,-0.018451,0.005630,0.002310,0.002819,0.002618,0.017390,-0.002141,0.008446,0.005075,-0.012028,0.000000
1.000000,-0.010952,0.008787,0.000606,0.002945,0.002291,0.016079,-0.001209,0.006270,0.001960,-0.007706,0.000000
1.000000,0.003192,0.009277,0.002401,0.002766,0.002652,0.015170,-0.002652,0.002962,-0.003111,-0.003064,0.000000
1.000000,-0.022561,-0.002233,-0.000253,0.001470,0.002003,0.014994,-0.002709,0.003102,-0.004462,-0.005269,0.000000
1.000000,-0.015329,-0.012820,-0.002183,0.000388,0.001135,0.013912,-0.005979,0.001084,-0.004700,0.004907,0.000000
1.000000,-0.019310,-0.012992,-0.003681,-0.001277,0.000428,0.013777,-0.005606,0.001098,-0.005286,0.005969,0.000000
1.000000,0.012298,-0.008342,0.000222,-0.001622,-0.000136,0.013595,-0.004312,0.000815,-0.005782,0.006951,0.000000
1.000000,-0.002967,-0.009574,-0.000148,0.000000,0.000012,0.013614,-0.004039,0.000609,-0.006388,0.005257,0.000000
1.000000,0.015481,-0.001965,-0.002099,-0.000419,-0.000783,0.013902,-0.003269,-0.000083,-0.005864,0.006005,0.000000
1.000000,0.006925,0.002485,-0.005167,-0.000703,0.000219,0.013913,-0.003481,0.000820,-0.007034,0.004013,0.000000
1.000000,-0.002546,0.005838,-0.003577,-0.000633,0.000687,0.014003,-0.003600,0.000551,-0.007520,0.003655,0.000000
1.000000,-0.030692,-0.002760,-0.005551,-0.002473,0.000113,0.013960,-0.003563,0.000310,-0.008421,0.003575,0.000000
1.000000,0.006737,-0.000819,-0.005196,-0.001398,0.000112,0.014026,-0.003521,0.000507,-0.008221,0.003228,0.000000
1.000000,0.001491,-0.003617,-0.002791,-0.001522,0.000050,0.014360,-0.003685,0.000798,-0.007719,0.003399,0.000000
1.000000,-0.005228,-0.006048,-0.001781,-0.001982,-0.000335,0.014215,-0.003857,-0.000870,-0.010638,0.008286,0.000000
1.000000,-0.004879,-0.006514,-0.000338,-0.002009,-0.000964,0.014300,-0.003253,-0.001403,-0.008829,0.010676,0.000000
1.000000,0.012710,0.002166,-0.000297,-0.000037,-0.001180,0.014280,-0.003126,-0.001284,-0.008799,0.010458,0.000000
1.000000,0.028924,0.006604,0.002892,0.001372,0.000964,0.014304,-0.002926,0.001161,-0.008280,0.007609,0.000000
1.000000,-0.006880,0.004929,0.000656,-0.000722,-0.000061,0.015056,-0.003638,0.001922,-0.008909,0.003657,0.000000
1.000000,0.030067,0.011988,0.002970,-0.001099,0.000521,0.015238,-0.003134,0.001437,-0.009013,0.001642,0.000000
1.000000,0.026446,0.018253,0.005869,0.001146,0.001534,0.015607,-0.003325,0.001886,-0.008605,0.001502,0.000000
1.000000,0.003086,0.016328,0.009247,0.001848,0.001434,0.015564,-0.003260,0.001764,-0.008593,0.001858,0.000000
1.000000,-0.024958,0.005552,0.006078,0.000441,0.001094,0.015698,-0.002572,0.002458,-0.008252,0.002414,0.000000
1.000000,0.004902,0.007908,0.006419,0.001814,0.001125,0.016480,-0.002731,0.000868,-0.007379,0.006557,0.000000
1.000000,0.077918,0.017479,0.014733,0.006476,0.003590,0.020377,-0.007093,-0.002062,-0.005237,0.022952,0.000000
1.000000,-0.001940,0.011801,0.015027,0.007345,0.003669,0.020428,-0.007326,-0.001562,-0.004479,0.022684,0.000000
1.000000,0.031233,0.017431,0.016880,0.008291,0.005602,0.019365,-0.006812,-0.006056,-0.005384,0.025849,0.000000
1.000000,-0.004718,0.021479,0.013515,0.008204,0.005420,0.019567,-0.006995,-0.005329,-0.005388,0.025863,0.000000
1.000000,-0.023283,0.015842,0.011875,0.006266,0.003477,0.021087,-0.009843,-0.007837,-0.006033,0.031102,0.000000
1.000000,0.000645,0.000387,0.008933,0.005952,0.002245,0.021162,-0.006935,-0.007774,-0.001766,0.031805,0.000000
1.000000,-0.007120,-0.000649,0.005576,0.005723,0.002623,0.021028,-0.006556,-0.006639,-0.000875,0.028794,0.000000
1.000000,0.000974,-0.006700,0.005365,0.007306,0.003021,0.020779,-0.005657,-0.007076,-0.002474,0.029956,0.000000
1.000000,-0.005531,-0.006863,0.007308,0.006693,0.002730,0.020506,-0.005784,-0.005830,-0.002532,0.029791,0.000000
1.000000,-0.013467,-0.004900,0.005471,0.005945,0.003033,0.020633,-0.005655,-0.006049,-0.002313,0.030187,0.000000
1.000000,0.009217,-0.003186,-0.001399,0.006667,0.003851,0.020648,-0.003387,-0.005006,-0.000911,0.031937,0.000000
1.000000,0.014637,0.001166,0.000259,0.007643,0.004983,0.021408,-0.003598,-0.004698,0.000668,0.033051,0.000000
1.000000,-0.002910,0.000389,-0.003156,0.006862,0.004476,0.020778,-0.003365,-0.006083,-0.000533,0.034098,0.000000
1.000000,-0.011399,-0.000785,-0.003824,0.004846,0.004195,0.020793,-0.003059,-0.006812,-0.000866,0.034242,0.000000
1.000000,0.011075,0.004124,-0.000388,0.005744,0.004048,0.019990,-0.002353,-0.005002,-0.000163,0.032776,0.000000
1.000000,-0.010748,0.000131,-0.001527,0.003703,0.003459,0.019197,-0.004284,-0.007520,-0.008924,0.035914,0.000000
1.000000,-0.015842,-0.005965,-0.002399,0.001589,0.003015,0.019490,-0.002523,-0.006089,-0.007380,0.035557,0.000000
1.000000,-0.000666,-0.005516,-0.002563,0.001401,0.004016,0.018880,-0.002003,-0.008439,-0.009255,0.039446,0.000000
1.000000,0.021081,0.000980,0.000098,0.003703,0.004495,0.017302,-0.001632,-0.009513,-0.011003,0.041796,0.000000
1.000000,0.007792,0.000324,0.002224,0.003847,0.004705,0.017565,-0.001570,-0.006913,-0.010197,0.039980,0.000000
1.000000,-0.003239,0.001825,0.000978,-0.000210,0.004771,0.017343,-0.002361,-0.012276,-0.016126,0.053893,0.000000
1.000000,0.038509,0.012696,0.003365,0.001812,0.006217,0.016051,-0.002673,-0.005404,-0.010986,0.039530,0.000000
1.000000,-0.019228,0.008983,0.001734,-0.000711,0.005153,0.014404,0.001795,-0.003709,-0.002829,0.032347,0.000000
1.000000,-0.000637,0.004639,0.002810,-0.000507,0.004167,0.014865,0.001635,-0.000889,0.004513,0.025114,0.000000
1.000000,0.003814,0.003844,0.002084,0.000848,0.004524,0.015555,0.000972,0.002167,0.008941,0.022235,0.000000
1.000000,0.016363,0.007764,0.004795,0.001634,0.004067,0.015598,0.002225,0.002725,0.009866,0.023439,0.000000
1.000000,0.023138,0.004690,0.008693,0.003147,0.003957,0.015735,0.002189,0.002449,0.009935,0.024455,0.000000
1.000000,0.019031,0.012342,0.010662,0.004050,0.004488,0.015815,0.002970,0.001202,0.011314,0.027278,0.000000
1.000000,0.004478,0.013365,0.009002,0.004550,0.005469,0.015784,0.003296,0.002448,0.011843,0.025810,0.000000
1.000000,0.005348,0.013672,0.008758,0.005491,0.005484,0.016536,0.003116,0.003527,0.012561,0.024164,0.000000
1.000000,-0.014625,0.007474,0.007619,0.004299,0.002399,0.015806,0.002904,0.003673,0.010102,0.021222,0.000000
1.000000,0.006891,0.004225,0.004457,0.003911,0.002694,0.015452,0.003370,0.004436,0.010227,0.019227,0.000000
1.000000,-0.006591,-0.000900,0.005721,0.003727,0.001433,0.015047,0.003099,0.003350,0.009829,0.019562,0.000000
1.000000,-0.005123,-0.002820,0.005273,0.004041,0.001420,0.015101,0.003112,0.004541,0.010001,0.017814,0.000000
1.000000,0.007824,-0.002325,0.005674,0.003879,0.002456,0.014609,0.003385,0.005350,0.010506,0.014355,0.000000
1.000000,0.010734,0.002747,0.005111,0.004953,0.002793,0.015213,0.002775,0.005244,0.009377,0.017304,0.000000
1.000000,-0.000297,0.001310,0.002767,0.005730,0.003020,0.015030,0.004309,0.004659,0.010253,0.017869,0.000000
1.000000,0.006505,0.003929,0.001515,0.006088,0.003205,0.015017,0.004025,0.004598,0.010104,0.017010,0.000000
1.000000,-0.023860,0.000181,-0.001319,0.003841,0.002594,0.015801,0.003805,0.004821,0.011529,0.015180,0.000000
1.000000,0.020613,0.002739,0.000207,0.004482,0.003730,0.015695,0.003715,0.004702,0.011481,0.015161,0.000000
1.000000,-0.000296,0.000533,0.001640,0.004630,0.003412,0.015354,0.003675,0.005387,0.010978,0.014026,0.000000
1.000000,-0.021223,-0.003652,-0.001171,0.001643,0.002217,0.015050,0.001972,0.008876,0.010772,0.007118,0.000000
1.000000,0.003619,-0.004229,-0.000150,0.002785,0.002435,0.015054,0.001759,0.009042,0.011493,0.006623,0.000000
1.000000,0.009288,0.002400,0.001291,0.003282,0.003124,0.015721,0.002127,0.009864,0.012715,0.007837,0.000000
1.000000,0.006540,-0.000414,0.001162,0.003418,0.002973,0.015701,0.001973,0.009632,0.012749,0.008082,0.000000
1.000000,0.005614,0.000768,0.000650,0.002880,0.003519,0.015655,0.002118,0.009682,0.012652,0.008596,0.000000
1.000000,0.006754,0.006363,0.001355,0.002061,0.004272,0.015948,0.001605,0.010751,0.013382,0.008228,0.000000
1.000000,-0.017715,0.002096,-0.001067,0.000224,0.003703,0.015900,0.000285,0.009989,0.014151,0.007275,0.000000
1.000000,0.003865,0.001011,0.001706,0.000193,0.003130,0.015895,0.000016,0.009830,0.014326,0.007484,0.000000
1.000000,0.006802,0.001064,0.000325,0.000266,0.003097,0.016138,-0.000405,0.010507,0.015357,0.006966,0.000000
1.000000,-0.011263,-0.002311,-0.000772,0.000434,0.002829,0.016512,-0.000175,0.011290,0.016833,0.005128,0.000000
1.000000,-0.018349,-0.007332,-0.000485,-0.000828,0.000934,0.016753,-0.000806,0.011840,0.017066,0.005158,0.000000
1.000000,0.006053,-0.002578,-0.000241,-0.000196,0.001777,0.016691,-0.000748,0.012071,0.017251,0.004768,0.000000
1.000000,0.002411,-0.002869,-0.000929,0.000181,0.001878,0.016886,-0.001444,0.009214,0.017664,0.006482,0.000000
1.000000,-0.011809,-0.006591,-0.002764,-0.000801,0.001357,0.017053,-0.000191,0.009436,0.018151,0.007235,0.000000
1.000000,-0.013493,-0.007037,-0.004674,-0.002012,0.000362,0.016642,-0.000551,0.010394,0.018661,0.006337,0.000000
1.000000,0.001542,-0.003059,-0.005196,-0.001920,-0.000358,0.015849,-0.001136,0.010244,0.017664,0.004809,0.000000
1.000000,0.015599,-0.001150,-0.001864,-0.001465,-0.000472,0.014705,-0.000663,0.008613,0.017936,0.000315,0.000000
1.000000,-0.005478,-0.002728,-0.002798,-0.000546,-0.000804,0.013181,-0.002313,0.008494,0.018781,-0.007846,0.000000
1.000000,0.031539,0.005942,-0.000325,0.000000,0.000069,0.013018,-0.004312,0.007118,0.016899,-0.007495,0.000000
1.000000,-0.020613,0.004518,-0.001260,-0.001016,-0.000131,0.011862,-0.002462,0.006558,0.021606,-0.018928,0.000000
1.000000,-0.036893,-0.003169,-0.003114,-0.001799,-0.001590,0.012779,-0.001761,0.005467,0.018295,-0.015597,0.000000
1.000000,0.009352,-0.004419,-0.002784,-0.001513,-0.001059,0.011222,0.000930,0.008128,0.015868,-0.013802,0.000000
1.000000,0.016616,-0.000000,-0.001364,-0.001146,-0.000334,0.010650,0.001751,0.005924,0.011888,-0.008113,0.000000
1.000000,0.009718,-0.004364,0.000789,-0.000987,-0.000271,0.009677,0.003287,0.007852,0.011343,-0.009801,0.000000
1.000000,-0.009108,-0.002063,0.001227,-0.001724,-0.000932,0.009879,0.003320,0.008067,0.012385,-0.010380,0.000000
1.000000,0.003957,0.006107,0.001469,-0.001863,-0.000790,0.009318,0.004109,0.008595,0.012155,-0.010988,0.000000
1.000000,0.025789,0.009394,0.002488,0.000312,-0.000148,0.009039,0.002364,0.007939,0.010214,-0.010191,0.000000
1.000000,-0.020336,0.002004,0.001002,-0.000898,-0.000030,0.009296,-0.001546,0.005117,0.010635,-0.010033,0.000000
1.000000,0.028884,0.005837,0.000736,0.000206,0.000245,0.009069,-0.000681,0.006014,0.009926,-0.011370,0.000000
1.000000,0.017169,0.011093,0.004515,0.001627,0.000828,0.009506,-0.001272,0.005319,0.009005,-0.009641,0.000000
1.000000,0.010619,0.012425,0.009266,0.003076,0.001889,0.009531,-0.001769,0.004416,0.008991,-0.009083,0.000000
1.000000,0.017264,0.010720,0.010057,0.003636,0.002344,0.009322,-0.001233,0.004942,0.008252,-0.007178,0.000000
1.000000,-0.004781,0.013831,0.007917,0.003277,0.001875,0.009120,-0.001066,0.005429,0.007854,-0.006934,0.000000
1.000000,0.004501,0.008954,0.007396,0.004092,0.001807,0.009045,-0.000861,0.005243,0.007958,-0.006299,0.000000
1.000000,-0.010439,0.003433,0.007263,0.004245,0.001272,0.008969,-0.000909,0.005094,0.007924,-0.006208,0.000000
1.000000,0.005938,0.002496,0.007461,0.004465,0.001245,0.008116,0.000944,0.007760,0.007586,-0.002831,0.000000
1.000000,-0.007357,-0.002428,0.004146,0.003317,0.001590,0.008473,0.001948,0.010186,0.010158,-0.002686,0.000000
1.000000,-0.001421,-0.001756,0.006038,0.003520,0.001414,0.007896,0.002412,0.010743,0.009967,-0.001468,0.000000
1.000000,0.009905,-0.000675,0.004140,0.002438,0.001517,0.007442,0.001972,0.009145,0.007192,-0.000428,0.000000
1.000000,-0.000563,0.001300,0.002366,0.003441,0.001874,0.007457,0.001569,0.008353,0.006794,-0.001608,0.000000
1.000000,-0.006218,-0.001131,0.000683,0.004974,0.002278,0.008898,0.002311,0.006416,0.003298,0.005825,0.000000
1.000000,-0.007685,-0.001196,-0.001812,0.004123,0.001820,0.010692,-0.000427,0.005201,-0.001617,0.007128,0.000000
1.000000,0.009950,0.001078,-0.000339,0.003789,0.002072,0.011010,-0.000498,0.004882,-0.001947,0.007668,0.000000
1.000000,0.022379,0.003573,0.001449,0.004422,0.003211,0.011185,-0.000109,0.006042,-0.002790,0.007468,0.000000
1.000000,0.000830,0.003851,0.002576,0.004919,0.003689,0.011058,-0.000428,0.004427,-0.004400,0.008209,0.000000
1.000000,0.003311,0.005757,0.002313,0.004887,0.003748,0.010266,-0.000277,0.005037,-0.005223,0.005938,0.000000
1.000000,-0.060177,-0.004741,-0.002969,0.000589,0.001222,0.011125,-0.003948,0.000450,-0.011194,0.014180,0.000000
1.000000,-0.065592,-0.019850,-0.009386,-0.001674,-0.000782,0.011664,-0.006755,-0.007656,-0.014062,0.023243,0.000000
1.000000,0.031065,-0.018113,-0.007270,-0.001565,-0.000798,0.009640,-0.007068,-0.012342,-0.013515,0.022977,0.000000
1.000000,-0.033567,-0.024992,-0.010570,-0.004102,-0.001230,0.010720,-0.006638,-0.012494,-0.011996,0.024539,0.000000
1.000000,-0.000627,-0.025780,-0.010011,-0.004664,-0.000021,0.010848,-0.006716,-0.012628,-0.011735,0.025327,0.000000
1.000000,0.012457,-0.011253,-0.007997,-0.004905,0.000083,0.010824,-0.006380,-0.013408,-0.011733,0.025765,0.000000
1.000000,-0.012457,-0.000626,-0.010238,-0.005288,-0.000886,0.010872,-0.006461,-0.014470,-0.011467,0.026758,0.000000
1.000000,0.003129,-0.006213,-0.012163,-0.005357,-0.001106,0.010677,-0.005567,-0.013697,-0.010012,0.027564,0.000000
1.000000,-0.017967,-0.003093,-0.014043,-0.005733,-0.001401,0.010573,-0.006988,-0.014525,-0.012040,0.028193,0.000000
1.000000,-0.051561,-0.013280,-0.019530,-0.008608,-0.003252,0.012273,-0.005668,-0.015396,-0.011772,0.031540,0.000000
1.000000,0.016935,-0.012384,-0.011819,-0.007394,-0.003547,0.012132,-0.005357,-0.015668,-0.012190,0.031945,0.000000
1.000000,-0.001318,-0.010156,-0.005391,-0.007389,-0.002913,0.011551,-0.004981,-0.015979,-0.012771,0.033581,0.000000
1.000000,0.015053,-0.007772,-0.006992,-0.007131,-0.003374,0.011697,-0.006781,-0.017604,-0.011761,0.032498,0.000000
1.000000,0.012266,-0.001725,-0.002409,-0.006490,-0.003538,0.011596,-0.006325,-0.017146,-0.011546,0.032844,0.000000
1.000000,0.002563,0.009100,-0.002090,-0.006051,-0.003806,0.011757,-0.004920,-0.022944,-0.007659,0.038906,0.000000
1.000000,0.019018,0.009516,-0.001434,-0.004716,-0.003748,0.012166,-0.004985,-0.022320,-0.007143,0.038764,0.000000
1.000000,-0.003775,0.009025,-0.000566,-0.005402,-0.003714,0.011954,-0.004456,-0.023083,-0.007282,0.039707,0.000000
1.000000,-0.012367,0.003541,-0.002115,-0.007139,-0.004276,0.011903,-0.004805,-0.023812,-0.007474,0.040593,0.000000
1.000000,0.021778,0.005443,0.001859,-0.006092,-0.003203,0.012337,-0.004860,-0.024564,-0.007341,0.041785,0.000000
1.000000,-0.020184,0.000894,0.004997,-0.007266,-0.004073,0.012549,-0.005833,-0.026646,-0.007725,0.043645,0.000000
1.000000,-0.005110,-0.003932,0.002792,-0.004513,-0.003998,0.012526,-0.005234,-0.025153,-0.007852,0.042940,0.000000
1.000000,0.008291,-0.001519,0.003753,-0.000819,-0.003675,0.012591,-0.005336,-0.025697,-0.007161,0.043144,0.000000
1.000000,0.003487,0.001652,0.002597,-0.002198,-0.003889,0.012425,-0.004696,-0.025471,-0.006853,0.043236,0.000000
1.000000,-0.004758,-0.003655,0.000894,-0.000757,-0.004028,0.012308,-0.004039,-0.025787,-0.006829,0.045131,0.000000
1.000000,-0.013122,-0.002243,-0.000674,-0.001382,-0.004259,0.012328,-0.003305,-0.020853,-0.006040,0.039663,0.000000
1.000000,0.010257,0.000831,-0.001550,-0.001492,-0.003660,0.012247,-0.002477,-0.020818,-0.005848,0.040390,0.000000
1.000000,0.017700,0.002713,0.000597,0.000016,-0.003402,0.012432,-0.002678,-0.020693,-0.006569,0.040897,0.000000
1.000000,-0.004396,0.001136,0.001394,-0.000361,-0.004295,0.012672,-0.003861,-0.018865,-0.005423,0.038382,0.000000
1.000000,-0.014261,-0.000765,-0.002210,-0.000175,-0.004798,0.012739,-0.004155,-0.019169,-0.005055,0.038056,0.000000
1.000000,0.039429,0.009746,0.003752,0.004374,-0.003594,0.013558,-0.001224,-0.019760,-0.004210,0.041595,0.000000
1.000000,0.038229,0.015340,0.008086,0.005439,-0.000314,0.013524,-0.004570,-0.013863,-0.013147,0.040706,0.000000
1.000000,0.013202,0.014441,0.008577,0.006165,0.002313,0.015441,-0.004848,-0.014927,-0.012745,0.051115,0.000000
1.000000,-0.009959,0.013328,0.007232,0.004914,0.000945,0.014990,-0.004086,-0.015279,-0.013103,0.049397,0.000000
1.000000,-0.017820,0.012616,0.005926,0.003410,0.001470,0.014953,-0.004818,-0.015049,-0.013600,0.048923,0.000000
1.000000,0.002394,0.005209,0.007478,0.003402,0.001571,0.014546,-0.005483,-0.015754,-0.009919,0.046898,0.000000
1.000000,0.012183,-0.000000,0.007670,0.003060,0.001562,0.014847,-0.006480,-0.016175,-0.007805,0.042385,0.000000
1.000000,-0.019383,-0.006517,0.003962,0.002279,0.001331,0.014870,-0.006737,-0.015898,-0.007328,0.041119,0.000000
1.000000,0.031127,0.001700,0.007514,0.004454,0.002264,0.014418,-0.002997,-0.016075,-0.004356,0.043311,0.000000
1.000000,0.024223,0.010109,0.011363,0.004576,0.003671,0.014709,-0.003375,-0.016284,-0.003899,0.043364,0.000000
1.000000,0.027538,0.015137,0.010173,0.006962,0.006307,0.017318,-0.005005,-0.019975,-0.004475,0.050978,0.000000
1.000000,-0.001109,0.012479,0.006240,0.007163,0.005706,0.016640,-0.003688,-0.017875,-0.005182,0.048850,0.000000
1.000000,0.004430,0.017242,0.005362,0.006969,0.005897,0.016332,-0.001081,-0.017464,-0.003861,0.047079,0.000000
1.000000,0.029666,0.016949,0.009325,0.008278,0.006385,0.016284,-0.000632,-0.015488,-0.001028,0.048901,0.000000
1.000000,-0.000268,0.012051,0.011080,0.008503,0.005967,0.016254,-0.000802,-0.015076,-0.000608,0.048229,0.000000
1.000000,0.011468,0.008837,0.011987,0.009732,0.006264,0.016454,-0.001181,-0.015761,-0.000348,0.048868,0.000000
1.000000,-0.011468,0.006766,0.009622,0.008646,0.005247,0.016154,0.000145,-0.014101,-0.001360,0.045663,0.000000
1.000000,0.003214,0.006522,0.011882,0.007922,0.005480,0.016283,0.000207,-0.015262,-0.000988,0.047223,0.000000
1.000000,0.002404,0.001070,0.009010,0.008262,0.005973,0.015829,0.000459,-0.015860,-0.002326,0.048107,0.000000
1.000000,0.005055,0.002134,0.007093,0.009228,0.005415,0.015538,-0.001467,-0.015271,-0.002707,0.045157,0.000000
1.000000,0.006349,0.001111,0.004974,0.007574,0.006300,0.015509,-0.001371,-0.015322,-0.002907,0.045555,0.000000
1.000000,-0.000528,0.003299,0.005032,0.005636,0.006452,0.015406,-0.001773,-0.015296,-0.003636,0.045590,0.000000
1.000000,0.002109,0.003078,0.004800,0.005081,0.006246,0.015499,-0.001773,-0.015373,-0.003285,0.045131,0.000000
1.000000,0.020845,0.006766,0.003918,0.006621,0.006825,0.014901,-0.002658,-0.014593,-0.001810,0.044944,0.000000
1.000000,-0.021108,0.001533,0.001834,0.006457,0.006280,0.015332,-0.002113,-0.014357,-0.000950,0.046172,0.000000
1.000000,0.001316,0.000527,0.000819,0.006403,0.006761,0.015258,-0.002242,-0.015006,-0.001279,0.046405,0.000000
1.000000,0.035653,0.007763,0.005531,0.007577,0.007608,0.015504,-0.003777,-0.018155,-0.003524,0.048619,0.000000
1.000000,-0.011230,0.005095,0.004086,0.007984,0.006643,0.015394,-0.003641,-0.018199,-0.003688,0.049197,0.000000
1.000000,0.004098,0.001746,0.004256,0.006633,0.006927,0.015052,-0.003766,-0.017795,-0.000306,0.044826,0.000000
1.000000,0.037380,0.013444,0.007488,0.007291,0.008648,0.016308,-0.005706,-0.015888,0.004037,0.036422,0.000000
1.000000,0.001230,0.013426,0.006977,0.005975,0.007375,0.016409,-0.005479,-0.015974,0.004711,0.036455,0.000000
1.000000,0.008571,0.008010,0.007886,0.006459,0.006386,0.015132,-0.002938,-0.009907,0.005799,0.023963,0.000000
1.000000,0.005593,0.011375,0.008235,0.006517,0.006132,0.014191,-0.000401,-0.003180,0.006356,0.012397,0.000000
1.000000,-0.013918,0.007771,0.004759,0.004338,0.006000,0.015044,-0.001324,0.002612,0.003688,0.010158,0.000000
1.000000,-0.020870,-0.003879,0.004782,0.003308,0.005899,0.015051,-0.001921,0.004127,0.007369,0.004596,0.000000
1.000000,0.019640,-0.000197,0.006615,0.003717,0.006474,0.014989,-0.002186,0.005841,0.006914,0.003286,0.000000
1.000000,-0.000492,-0.002010,0.003000,0.004266,0.006051,0.014964,-0.001646,0.006251,0.008419,0.001809,0.000000
1.000000,-0.002960,-0.003720,0.003827,0.003957,0.006599,0.014899,-0.001623,0.006386,0.008293,0.001451,0.000000
1.000000,0.000000,-0.000937,0.003417,0.003837,0.005561,0.014573,-0.002194,0.007366,0.004656,0.001698,0.000000
1.000000,0.016902,0.006618,0.001370,0.004429,0.005317,0.014297,-0.003138,0.006957,0.003403,0.000796,0.000000
1.000000,0.000728,0.002836,0.001319,0.004148,0.004423,0.011296,-0.004863,0.007607,0.000809,-0.004697,0.000000
1.000000,-0.007553,0.001423,-0.000293,0.003797,0.004209,0.011296,-0.003800,0.008637,0.003246,-0.007126,0.000000
1.000000,0.014808,0.004977,0.000628,0.004432,0.004554,0.011264,-0.003253,0.009048,0.003772,-0.007131,0.000000
1.000000,-0.014319,0.002113,0.000588,0.002673,0.003088,0.011736,-0.002714,0.010138,0.003409,-0.005650,0.000000
1.000000,0.003173,-0.000633,0.002993,0.003888,0.003203,0.011549,-0.002660,0.010232,0.004392,-0.007066,0.000000
1.000000,0.006073,0.000436,0.001636,0.004125,0.003023,0.011078,-0.001787,0.010274,0.005845,-0.009519,0.000000
1.000000,0.018239,0.005595,0.003509,0.003255,0.004013,0.011006,-0.003200,0.009728,0.004369,-0.008535,0.000000
1.000000,-0.010519,0.000529,0.002753,0.003290,0.003556,0.011100,-0.003433,0.010276,0.004858,-0.009687,0.000000
1.000000,0.017628,0.006919,0.004516,0.003967,0.004063,0.011078,-0.001562,0.012848,0.006643,-0.015717,0.000000
1.000000,-0.008775,0.004529,0.001948,0.001659,0.003602,0.010372,0.000229,0.013569,0.007670,-0.017403,0.000000
1.000000,-0.002863,0.002742,0.001589,0.001454,0.003295,0.009354,0.001870,0.014623,0.007945,-0.021309,0.000000
1.000000,-0.033523,-0.007610,-0.001008,-0.000650,0.002195,0.011204,0.000293,0.015137,0.007092,-0.019037,0.000000
1.000000,0.013008,-0.002905,-0.001188,-0.000280,0.002559,0.011317,0.000545,0.015024,0.007815,-0.019759,0.000000
1.000000,0.011395,-0.004151,0.001384,0.000986,0.002244,0.011316,0.000645,0.015073,0.007708,-0.019668,0.000000
1.000000,-0.020459,-0.006488,-0.000979,0.001007,0.002265,0.012468,0.001674,0.014607,0.007892,-0.015401,0.000000
1.000000,0.003194,-0.005277,-0.001267,0.000184,0.002328,0.011963,0.001899,0.012992,0.006867,-0.012017,0.000000
1.000000,-0.005657,0.000296,-0.003657,-0.000074,0.000951,0.012281,0.001322,0.013192,0.007507,-0.012357,0.000000
1.000000,0.011039,-0.000098,-0.001501,0.000626,0.001693,0.012185,0.001649,0.013183,0.008014,-0.012531,0.000000
1.000000,0.006081,-0.001161,-0.002656,0.000930,0.001759,0.012802,0.001612,0.017100,0.010741,-0.019155,0.000000
1.000000,-0.008279,0.001275,-0.002606,-0.000329,0.000237,0.012429,0.001983,0.017081,0.010637,-0.019291,0.000000
1.000000,0.010700,0.002777,-0.001250,0.000170,0.000553,0.011480,0.001005,0.016859,0.010436,-0.020526,0.000000
1.000000,-0.006553,0.002598,0.001447,0.000220,0.000049,0.012281,0.002975,0.014879,0.015230,-0.017801,0.000000
1.000000,-0.009296,-0.001469,-0.000783,-0.000986,-0.000448,0.012013,0.003544,0.014695,0.015627,-0.018249,0.000000
1.000000,-0.024631,-0.007611,-0.004386,-0.001501,-0.000805,0.012599,0.003866,0.011932,0.014091,-0.008929,0.000000
1.000000,0.010025,-0.003951,-0.001338,-0.001159,0.000225,0.012192,0.004112,0.013232,0.014275,-0.012288,0.000000
1.000000,0.012145,-0.003662,-0.000442,-0.000855,-0.000025,0.012350,0.004197,0.013490,0.013983,-0.011885,0.000000
1.000000,0.017341,0.001117,0.001857,-0.000900,0.000570,0.012629,0.004233,0.012847,0.013537,-0.009443,0.000000
1.000000,-0.004368,0.002102,0.000317,-0.000592,0.000523,0.011956,0.004441,0.013491,0.013696,-0.011179,0.000000
1.000000,0.000000,0.007029,-0.000291,-0.001474,0.000523,0.012658,0.001883,0.012593,0.010797,-0.008951,0.000000
1.000000,-0.008058,0.003412,-0.000269,-0.001438,-0.000309,0.011886,0.002424,0.013177,0.010695,-0.010307,0.000000
1.000000,-0.009112,-0.000839,-0.002251,-0.001750,-0.000637,0.011790,0.001838,0.013290,0.010642,-0.009577,0.000000
1.000000,0.028295,0.001351,0.001234,0.001341,0.000558,0.012212,0.001713,0.012604,0.011591,-0.009906,0.000000
1.000000,-0.016489,-0.001073,0.000515,-0.000134,-0.000485,0.012930,0.001281,0.014681,0.010581,-0.009227,0.000000
1.000000,0.023201,0.003567,0.005298,0.000456,0.000765,0.012609,0.000734,0.014187,0.007883,-0.009247,0.000000
1.000000,0.015409,0.008260,0.005836,0.002249,0.001173,0.012750,0.000779,0.015292,0.008656,-0.010713,0.000000
1.000000,-0.001412,0.009800,0.004481,0.002019,0.000924,0.012564,0.000834,0.015312,0.008352,-0.010795,0.000000
1.000000,0.000942,0.004330,0.002841,0.002349,0.000347,0.012606,0.000520,0.014645,0.008194,-0.009430,0.000000
1.000000,-0.004482,0.006731,0.002829,0.001573,0.000548,0.012851,0.000753,0.015197,0.008468,-0.009447,0.000000
1.000000,-0.010934,-0.000096,0.001736,0.000722,-0.000404,0.013655,0.000801,0.015451,0.009627,-0.007922,0.000000
1.000000,0.025951,0.002013,0.005137,0.002434,0.000754,0.013761,0.001666,0.017450,0.010625,-0.011211,0.000000
1.000000,0.030729,0.008441,0.009121,0.003435,0.001873,0.013405,0.002108,0.018239,0.011543,-0.013698,0.000000
1.000000,0.006752,0.009603,0.006967,0.004100,0.003216,0.013589,0.002297,0.018359,0.011849,-0.013448,0.000000
1.000000,0.011597,0.012819,0.009775,0.005145,0.003169,0.013715,0.002404,0.019750,0.012296,-0.014214,0.000000
1.000000,0.005087,0.016023,0.007964,0.006631,0.002959,0.014741,0.002666,0.019030,0.012042,-0.016004,0.000000
1.000000,0.006377,0.012108,0.007061,0.006448,0.003853,0.014818,0.001942,0.016692,0.010810,-0.011356,0.000000
1.000000,0.013283,0.008619,0.008530,0.006505,0.004189,0.015108,0.002077,0.016484,0.011027,-0.010573,0.000000
1.000000,-0.001949,0.006879,0.008241,0.005541,0.004313,0.013939,0.003904,0.020028,0.012498,-0.010554,0.000000
1.000000,-0.007396,0.003080,0.007950,0.005389,0.003699,0.014883,0.002788,0.018613,0.010863,-0.011571,0.000000
1.000000,0.002181,0.002499,0.009261,0.005499,0.003569,0.016005,0.002402,0.017842,0.010301,-0.009601,0.000000
1.000000,-0.009192,-0.000615,0.005747,0.005442,0.003538,0.014511,0.002968,0.015637,0.007978,-0.004607,0.000000
1.000000,0.003293,-0.002613,0.003003,0.006062,0.003291,0.015008,0.001917,0.015441,0.006974,-0.005177,0.000000
1.000000,0.002408,-0.001741,0.002569,0.004768,0.003590,0.015270,0.001799,0.015076,0.006887,-0.004361,0.000000
1.000000,-0.009004,-0.002063,0.000509,0.005142,0.003600,0.015294,0.002052,0.012610,0.007054,-0.003540,0.000000
1.000000,0.009660,-0.000567,0.000966,0.004465,0.004743,0.015701,0.002035,0.011300,0.007291,-0.002013,0.000000
1.000000,-0.015412,-0.001811,-0.001213,0.002924,0.003895,0.015851,0.002127,0.008454,0.003676,0.004874,0.000000
1.000000,0.013881,0.000307,-0.001153,0.003689,0.003953,0.016072,0.001967,0.005710,0.003325,0.007106,0.000000
1.000000,-0.005706,-0.001316,-0.001529,0.003356,0.003184,0.016037,0.001946,0.005774,0.003301,0.006892,0.000000
1.000000,-0.035846,-0.006684,-0.004374,0.001788,0.002135,0.014851,0.001146,0.006009,-0.000679,0.009518,0.000000
1.000000,-0.045738,-0.017764,-0.009166,0.000048,0.000610,0.014265,0.002177,0.017428,0.002578,-0.010153,0.000000
1.000000,-0.005027,-0.015687,-0.008749,-0.001501,0.000711,0.013961,0.003196,0.017502,0.004755,-0.010091,0.000000
1.000000,-0.000480,-0.018559,-0.009126,-0.003062,0.000999,0.013688,0.003247,0.017483,0.004428,-0.009517,0.000000
1.000000,-0.016950,-0.020808,-0.011062,-0.004247,-0.000509,0.013696,0.003521,0.016223,0.004135,-0.007300,0.000000
1.000000,-0.018734,-0.017386,-0.012035,-0.005763,-0.000584,0.014058,0.002547,0.016038,0.003256,-0.008305,0.000000
1.000000,-0.033910,-0.015020,-0.016392,-0.007713,-0.002487,0.015527,0.002697,0.014959,0.008368,-0.005906,0.000000
1.000000,-0.031375,-0.020290,-0.017988,-0.009601,-0.004047,0.016885,0.001406,0.014638,0.004648,-0.004730,0.000000
1.000000,0.003182,-0.019557,-0.019058,-0.010106,-0.003894,0.017980,0.001038,0.015181,0.002609,0.003549,0.000000
1.000000,0.026905,-0.010786,-0.015797,-0.008663,-0.003028,0.017795,0.001940,0.016210,0.006058,-0.007480,0.000000
1.000000,-0.005427,-0.008125,-0.012755,-0.008565,-0.003060,0.016738,0.003312,0.015448,0.005878,-0.005903,0.000000
1.000000,0.011081,0.000873,-0.007073,-0.008120,-0.002326,0.016956,0.003779,0.015440,0.005521,-0.003035,0.000000
1.000000,-0.008235,0.005501,-0.007394,-0.008072,-0.003465,0.016928,0.003182,0.015346,0.005003,-0.002983,0.000000
1.000000,0.042000,0.013265,-0.003146,-0.006136,-0.003090,0.019877,0.005433,0.016377,0.007502,0.004810,0.000000
1.000000,-0.000744,0.007735,-0.001526,-0.006294,-0.003340,0.018802,0.006232,0.015691,0.009246,0.003383,0.000000
1.000000,-0.001241,0.008572,0.000224,-0.005906,-0.003768,0.018768,0.005805,0.016561,0.007447,0.004410,0.000000
1.000000,0.015275,0.009411,0.005142,-0.005625,-0.003428,0.019150,0.004983,0.016166,0.006007,0.005026,0.000000
1.000000,0.015767,0.014212,0.009856,-0.004066,-0.003115,0.019226,0.004197,0.016211,0.004944,0.005368,0.000000
1.000000,-0.005067,0.004798,0.009032,-0.005013,-0.003727,0.019864,0.003803,0.016854,0.005044,0.004589,0.000000
1.000000,0.008431,0.006633,0.007184,-0.004307,-0.003381,0.019300,0.003403,0.017097,0.003847,0.003032,0.000000
1.000000,-0.000240,0.006833,0.007703,-0.002526,-0.003142,0.019043,0.003160,0.017115,0.002786,0.003764,0.000000
1.000000,0.000000,0.003778,0.006595,-0.000239,-0.003215,0.018826,0.003658,0.017391,0.003151,0.002004,0.000000
1.000000,0.009789,0.002583,0.008397,0.000501,-0.002582,0.018553,0.003375,0.016124,0.003886,0.001823,0.000000
1.000000,-0.007392,0.002117,0.003458,0.000156,-0.002938,0.018445,0.003554,0.016046,0.003847,0.002395,0.000000
1.000000,0.007630,0.001957,0.004295,0.001385,-0.002764,0.018639,0.003212,0.016200,0.004616,0.002198,0.000000
1.000000,0.022547,0.006515,0.006674,0.003449,-0.001712,0.018615,0.003549,0.016454,0.003008,0.003140,0.000000
1.000000,-0.012150,0.004085,0.003931,0.004537,-0.002439,0.018212,0.003295,0.018216,0.004034,-0.003210,0.000000
1.000000,-0.012061,-0.000285,0.001149,0.005503,-0.002328,0.018283,0.003445,0.017985,0.003606,-0.002135,0.000000
1.000000,0.003325,0.001858,0.001988,0.005510,-0.002680,0.018313,0.003831,0.017724,0.004161,-0.001567,0.000000
1.000000,-0.010249,-0.001718,0.000120,0.003652,-0.002831,0.018335,0.002817,0.016857,0.003478,0.000044,0.000000
1.000000,0.001915,-0.005844,0.000335,0.004019,-0.001572,0.018333,0.003295,0.016703,0.003052,0.001354,0.000000
1.000000,0.013302,-0.000754,0.001666,0.004130,0.000396,0.018142,0.003321,0.015728,0.004583,0.001253,0.000000
1.000000,-0.006866,0.000285,0.000000,0.004199,0.000334,0.017781,0.003852,0.016168,0.004316,0.000971,0.000000
1.000000,0.004504,0.000521,0.001190,0.002324,0.000500,0.017161,0.004145,0.015424,0.003160,0.000865,0.000000
1.000000,-0.015974,-0.000624,-0.001171,0.001562,0.000533,0.016889,0.004340,0.016154,0.001452,0.002036,0.000000
1.000000,0.008615,0.000716,-0.002564,0.002055,0.001445,0.016805,0.004343,0.014809,0.001564,0.001622,0.000000
1.000000,0.016541,0.001364,0.000305,0.002118,0.003126,0.016716,0.004240,0.014080,0.002786,0.000883,0.000000
1.000000,-0.022036,-0.001670,-0.000692,0.000228,0.003438,0.016927,0.004551,0.014075,0.003542,0.000399,0.000000
1.000000,-0.000240,-0.002619,-0.001049,0.000469,0.003324,0.016886,0.004572,0.014070,0.003812,-0.000448,0.000000
1.000000,0.011911,0.002958,0.001167,0.000643,0.002824,0.017047,0.004591,0.014128,0.004152,-0.000688,0.000000
1.000000,0.007784,0.002792,0.001754,0.001045,0.003264,0.016955,0.004293,0.014272,0.003698,-0.001759,0.000000
1.000000,-0.012293,-0.002975,-0.000806,0.000430,0.002485,0.016727,0.004570,0.014613,0.004649,-0.002920,0.000000
1.000000,0.010176,0.003468,0.000899,0.000449,0.003099,0.016219,0.001763,0.011834,0.004357,-0.002569,0.000000
1.000000,-0.022141,-0.000913,-0.001766,-0.000288,0.000961,0.016836,0.001426,0.011547,0.001855,0.000332,0.000000
1.000000,-0.003134,-0.003922,-0.000482,-0.000826,0.000881,0.016307,0.000506,0.011698,0.001050,-0.001440,0.000000
1.000000,-0.014105,-0.008300,-0.002754,-0.002659,0.000452,0.016027,0.000644,0.012725,-0.000632,0.001480,0.000000
1.000000,-0.049452,-0.015731,-0.009353,-0.004524,-0.001705,0.017734,-0.001139,0.013273,-0.002059,0.000236,0.000000
1.000000,0.003853,-0.016996,-0.006764,-0.003728,-0.002103,0.017511,-0.000392,0.014645,-0.002213,-0.000785,0.000000
1.000000,-0.020459,-0.016660,-0.008786,-0.004918,-0.002616,0.017475,-0.000922,0.014863,-0.003204,-0.000551,0.000000
1.000000,-0.029742,-0.021981,-0.012951,-0.005892,-0.003888,0.018091,0.002721,0.016071,-0.002600,0.000842,0.000000
1.000000,-0.030932,-0.025346,-0.016823,-0.007534,-0.004911,0.018517,0.002383,0.015216,-0.003463,0.002270,0.000000
1.000000,-0.024769,-0.020410,-0.018071,-0.009438,-0.005737,0.018705,0.000134,0.014202,-0.003665,0.003770,0.000000
1.000000,-0.010024,-0.023185,-0.020091,-0.009596,-0.006397,0.018005,0.001930,0.016714,-0.002835,0.001701,0.000000
1.000000,-0.006643,-0.020422,-0.018541,-0.010153,-0.006372,0.018257,0.003221,0.017971,-0.000538,0.000735,0.000000
1.000000,-0.038699,-0.022213,-0.022097,-0.011290,-0.007917,0.018760,0.003120,0.017944,-0.000973,0.001371,0.000000
1.000000,0.017319,-0.012563,-0.018955,-0.010854,-0.008091,0.018330,0.002814,0.020882,-0.001760,0.000105,0.000000
1.000000,-0.026700,-0.012950,-0.016680,-0.013016,-0.008576,0.016292,0.001238,0.016759,-0.000594,-0.001215,0.000000
1.000000,-0.035591,-0.018063,-0.020624,-0.013694,-0.009360,0.016449,-0.000622,0.015303,-0.005247,-0.001223,0.000000
1.000000,-0.009179,-0.018570,-0.019496,-0.014141,-0.009777,0.015842,0.000905,0.017010,-0.006192,-0.000696,0.000000
1.000000,0.017337,-0.007363,-0.014788,-0.013870,-0.008857,0.016307,0.002712,0.016855,-0.004578,0.001043,0.000000
1.000000,0.004054,-0.010016,-0.011290,-0.014056,-0.008786,0.016408,0.006668,0.012423,0.001454,-0.001595,0.000000
1.000000,0.015442,-0.001587,-0.007268,-0.012669,-0.008715,0.016256,0.004893,0.001881,-0.004550,0.014368,0.000000
1.000000,0.010972,0.007725,-0.005169,-0.012630,-0.008120,0.016203,0.004958,0.002170,-0.004623,0.013911,0.000000
1.000000,0.003631,0.010287,-0.004141,-0.011341,-0.008149,0.016261,0.005228,0.001774,-0.004366,0.014677,0.000000
1.000000,0.007222,0.008264,0.000451,-0.010823,-0.007376,0.015123,0.004701,0.001339,-0.006314,0.015061,0.000000
1.000000,-0.032610,0.000932,-0.004542,-0.011748,-0.008750,0.015381,0.005617,-0.000481,-0.005564,0.016284,0.000000
1.000000,0.006177,-0.000922,-0.001254,-0.008967,-0.009096,0.013809,0.003122,0.002037,-0.014699,0.010150,0.000000
1.000000,0.016489,0.000182,0.003954,-0.008335,-0.007812,0.013836,0.002746,0.001636,-0.015811,0.010828,0.000000
1.000000,-0.046491,-0.009843,0.000222,-0.009637,-0.009353,0.013960,0.002312,0.005912,-0.017948,0.005728,0.000000
1.000000,0.051626,-0.000962,0.003651,-0.005568,-0.008029,0.014828,0.005066,0.006296,-0.016976,0.010519,0.000000
1.000000,-0.055759,-0.005592,-0.002330,-0.006810,-0.010148,0.014407,0.003022,0.005091,-0.020048,0.004400,0.000000
1.000000,0.007617,-0.005304,-0.003113,-0.005191,-0.009484,0.014321,0.002579,0.006001,-0.019650,0.001286,0.000000
1.000000,0.037846,-0.001032,-0.000425,-0.002797,-0.008562,0.015571,0.003978,0.007940,-0.015943,0.000067,0.000000
1.000000,-0.026216,0.003023,-0.003410,-0.003776,-0.008697,0.013600,0.002298,0.013335,-0.023556,-0.010055,0.000000
1.000000,-0.034980,-0.014298,-0.007630,-0.003590,-0.009759,0.013723,0.002200,0.014801,-0.024451,-0.012205,0.000000
1.000000,-0.013357,-0.005818,-0.005705,-0.005124,-0.009734,0.013459,0.002056,0.014267,-0.024814,-0.014140,0.000000
1.000000,0.027496,-0.001842,-0.003573,-0.002414,-0.007169,0.013941,0.002527,0.012657,-0.021388,-0.015077,0.000000
1.000000,0.041868,-0.001038,-0.001035,0.001459,-0.005902,0.013575,0.002061,0.017449,-0.024874,-0.019700,0.000000
1.000000,-0.026354,-0.001065,0.000979,0.000601,-0.006098,0.013869,0.003070,0.017491,-0.022243,-0.016219,0.000000
1.000000,0.008135,0.007558,-0.003370,0.000140,-0.004836,0.013819,0.002926,0.017879,-0.021611,-0.018200,0.000000
1.000000,0.008688,0.011967,0.003074,0.000372,-0.003515,0.014218,0.004546,0.015852,-0.018364,-0.014775,0.000000
1.000000,-0.021547,0.002158,0.000158,-0.001477,-0.003408,0.014259,0.004672,0.015533,-0.017499,-0.014952,0.000000
1.000000,0.036266,0.001038,0.000000,-0.000213,-0.001865,0.014084,0.003900,0.019603,-0.018758,-0.021181,0.000000
1.000000,0.002129,0.006734,0.002834,-0.000288,-0.001572,0.013974,0.003291,0.019727,-0.019885,-0.020874,0.000000
1.000000,-0.003042,0.004499,0.006028,-0.000801,-0.000384,0.013932,0.003339,0.019846,-0.019753,-0.021035,0.000000
1.000000,-0.005806,0.001600,0.006783,0.000539,-0.001155,0.014075,0.002845,0.019863,-0.017434,-0.021453,0.000000
1.000000,0.024521,0.010813,0.006486,0.001456,0.000553,0.014388,0.004028,0.020422,-0.016011,-0.021175,0.000000
1.000000,0.056677,0.014896,0.007967,0.003466,0.003628,0.014683,0.002533,0.019980,-0.019177,-0.019758,0.000000
1.000000,-0.007943,0.012881,0.009808,0.005393,0.003670,0.014567,0.001934,0.022308,-0.020674,-0.022910,0.000000
1.000000,0.006812,0.014852,0.009675,0.003152,0.003319,0.014556,0.002395,0.022488,-0.020279,-0.022871,0.000000
1.000000,-0.007667,0.014480,0.008040,0.005557,0.002928,0.014646,0.002755,0.023370,-0.018985,-0.025118,0.000000
1.000000,-0.040430,0.001490,0.006152,0.003155,0.001066,0.014721,0.002606,0.021907,-0.018664,-0.023685,0.000000
1.000000,-0.026468,-0.015139,-0.000122,-0.000061,-0.000182,0.015060,0.002979,0.021743,-0.017379,-0.024630,0.000000
1.000000,-0.007956,-0.015142,-0.001130,0.000852,-0.000569,0.015200,0.003240,0.021468,-0.012976,-0.025662,0.000000
1.000000,0.051785,-0.006147,0.004352,0.005190,0.000917,0.015652,0.003881,0.024407,-0.013517,-0.028112,0.000000
1.000000,0.007266,-0.003161,0.005660,0.006221,0.002246,0.015593,0.003756,0.025179,-0.013105,-0.029501,0.000000
1.000000,-0.009603,0.003005,0.002247,0.004367,0.001720,0.015913,0.003951,0.024792,-0.008562,-0.031356,0.000000
1.000000,-0.021875,0.003923,-0.005608,0.001179,0.000441,0.015889,0.004012,0.024626,-0.008727,-0.030885,0.000000
1.000000,0.030029,0.011520,-0.001811,0.003999,0.002992,0.015508,0.004322,0.025393,-0.010360,-0.036427,0.000000
1.000000,-0.039035,-0.006644,-0.006395,0.001640,-0.000030,0.015258,0.004267,0.025025,-0.010839,-0.035708,0.000000
1.000000,-0.032488,-0.014594,-0.008878,-0.000419,0.000746,0.014706,0.003810,0.025874,-0.012581,-0.037483,0.000000
1.000000,-0.050146,-0.022703,-0.009849,-0.001849,-0.001180,0.015581,0.003334,0.026799,-0.013736,-0.036279,0.000000
1.000000,-0.016180,-0.021564,-0.008820,-0.004471,-0.002981,0.015766,0.004699,0.025999,-0.011646,-0.033661,0.000000
1.000000,0.008618,-0.025846,-0.007163,-0.004147,-0.001820,0.015626,0.005315,0.026405,-0.012509,-0.031788,0.000000
1.000000,0.050831,-0.007873,-0.007258,-0.001453,0.001041,0.015705,0.005524,0.025949,-0.012220,-0.030551,0.000000
1.000000,-0.006609,-0.002697,-0.008646,-0.001493,0.001266,0.014827,0.008508,0.024051,-0.007210,-0.026843,0.000000
1.000000,0.051988,0.017730,-0.002487,-0.000120,0.002082,0.013836,0.006976,0.026107,-0.012363,-0.028875,0.000000
1.000000,0.015172,0.024000,0.001218,-0.002195,0.001192,0.014317,0.007284,0.026846,-0.010074,-0.031279,0.000000
1.000000,0.024498,0.027176,0.000665,-0.000573,0.002887,0.014754,0.008008,0.028547,-0.006809,-0.032055,0.000000
1.000000,0.001727,0.017355,0.004741,-0.000827,0.002674,0.014353,0.006860,0.029563,-0.008014,-0.034597,0.000000
1.000000,0.006593,0.019996,0.008649,-0.000114,0.002604,0.013589,0.006346,0.031850,-0.007904,-0.039618,0.000000
1.000000,0.005130,0.010624,0.014177,0.002164,0.003493,0.013218,0.006894,0.031569,-0.008848,-0.042772,0.000000
1.000000,-0.007418,0.006106,0.015053,0.003116,0.002037,0.013451,0.006626,0.030906,-0.009098,-0.042203,0.000000
1.000000,-0.004305,0.000345,0.013761,0.003299,0.001822,0.013200,0.006554,0.030994,-0.009355,-0.042972,0.000000
1.000000,-0.010989,-0.002198,0.007579,0.000160,0.001558,0.012520,0.006465,0.032262,-0.008523,-0.045957,0.000000
1.000000,-0.059607,-0.015438,0.002279,-0.003184,-0.000236,0.013496,0.006350,0.033576,-0.008163,-0.046673,0.000000
1.000000,-0.025318,-0.021527,-0.005452,-0.003969,-0.001897,0.014370,0.006776,0.033011,-0.007827,-0.044115,0.000000
1.000000,0.017572,-0.016529,-0.005212,-0.001997,-0.003201,0.014848,0.007694,0.032329,-0.004257,-0.042797,0.000000
1.000000,0.005583,-0.014552,-0.007103,-0.003219,-0.002750,0.013720,0.007984,0.032912,-0.005908,-0.042178,0.000000
1.000000,-0.020626,-0.016479,-0.009339,-0.002299,-0.003664,0.013585,0.007252,0.033561,-0.006434,-0.043977,0.000000
1.000000,-0.034697,-0.011497,-0.013467,-0.002409,-0.004565,0.014031,0.006199,0.035954,-0.005392,-0.044855,0.000000
1.000000,-0.015484,-0.009530,-0.015529,-0.000676,-0.003734,0.014023,0.005809,0.035580,-0.006737,-0.044297,0.000000
1.000000,-0.054584,-0.023961,-0.020245,-0.002596,-0.004671,0.013859,0.006900,0.038063,-0.006471,-0.046489,0.000000
1.000000,-0.020546,-0.029187,-0.021870,-0.004054,-0.005091,0.013976,0.006756,0.038637,-0.004871,-0.046857,0.000000
1.000000,0.006422,-0.023778,-0.020128,-0.006275,-0.006603,0.014839,0.005432,0.040605,-0.002685,-0.051503,0.000000
1.000000,-0.001780,-0.017194,-0.014346,-0.006033,-0.006904,0.014563,0.005251,0.040720,-0.003152,-0.050704,0.000000
1.000000,0.018356,-0.010426,-0.009978,-0.007715,-0.005972,0.014592,0.005656,0.039590,-0.003480,-0.048737,0.000000
1.000000,-0.003153,-0.000140,-0.012051,-0.008631,-0.005348,0.012802,0.005426,0.036112,-0.005499,-0.044408,0.000000
1.000000,-0.042285,-0.004488,-0.016838,-0.011970,-0.007759,0.013721,0.005503,0.034282,-0.005678,-0.036235,0.000000
1.000000,0.033828,0.000993,-0.011392,-0.010365,-0.005330,0.013322,0.004547,0.033885,-0.007782,-0.035519,0.000000
1.000000,-0.012821,-0.001215,-0.009205,-0.011336,-0.004674,0.013177,0.005811,0.034825,-0.006802,-0.030417,0.000000
1.000000,-0.003231,-0.005532,-0.007979,-0.011754,-0.003110,0.011618,0.006223,0.036435,-0.001595,-0.038268,0.000000
1.000000,0.008593,-0.003183,-0.001662,-0.010954,-0.002285,0.011015,0.005566,0.034222,-0.004214,-0.034065,0.000000
1.000000,0.016968,0.008667,0.002090,-0.009890,-0.002006,0.010070,0.004073,0.035999,-0.005919,-0.038276,0.000000
1.000000,0.017718,0.005445,0.003219,-0.008455,-0.003110,0.009580,0.004371,0.032541,-0.006839,-0.034898,0.000000
1.000000,0.059814,0.019972,0.009379,-0.002484,-0.000896,0.011752,0.005115,0.031574,-0.005275,-0.024103,0.000000
1.000000,-0.020315,0.016555,0.005512,-0.002233,-0.003306,0.011400,0.004905,0.032147,-0.007022,-0.022292,0.000000
1.000000,0.062861,0.027409,0.012113,0.000031,-0.001717,0.012154,0.004813,0.030238,-0.009505,-0.021340,0.000000
1.000000,0.000000,0.024016,0.016342,-0.000248,-0.002533,0.012435,0.004460,0.028372,-0.010652,-0.021204,0.000000
1.000000,0.001553,0.020783,0.013114,0.000861,-0.002539,0.012383,0.004347,0.028326,-0.011123,-0.020424,0.000000
1.000000,-0.012178,0.006384,0.013178,0.001987,-0.003165,0.011955,0.003768,0.029415,-0.012420,-0.021010,0.000000
1.000000,-0.003147,0.009818,0.013187,0.002604,-0.003441,0.011990,0.003690,0.029204,-0.012361,-0.020879,0.000000
1.000000,0.047994,0.006845,0.017127,0.007733,-0.001593,0.012530,0.003983,0.028546,-0.012212,-0.020897,0.000000
1.000000,0.011647,0.009174,0.016595,0.009342,-0.001062,0.012532,0.004169,0.028496,-0.012225,-0.021299,0.000000
1.000000,-0.018883,0.005087,0.012935,0.008077,-0.001325,0.012683,0.004505,0.028046,-0.011312,-0.019996,0.000000
1.000000,0.005131,0.008549,0.007466,0.008423,0.000833,0.012963,0.005442,0.026230,-0.009919,-0.019038,0.000000
1.000000,-0.009072,0.007364,0.008591,0.007051,0.001375,0.013002,0.004457,0.025740,-0.010806,-0.017790,0.000000
1.000000,0.027268,0.003218,0.005031,0.008572,0.001698,0.012707,0.005350,0.026566,-0.009247,-0.020738,0.000000
1.000000,-0.008013,-0.000714,0.004230,0.010286,0.001245,0.012793,0.005757,0.026036,-0.009206,-0.020120,0.000000
1.000000,0.019183,0.006899,0.005993,0.009554,0.002572,0.012727,0.005640,0.026499,-0.009352,-0.021278,0.000000
1.000000,-0.019183,0.002037,0.005293,0.009235,0.003089,0.012856,0.005958,0.027372,-0.007337,-0.022167,0.000000
1.000000,0.003866,0.004624,0.005994,0.009590,0.003734,0.012540,0.006701,0.029000,-0.007689,-0.024601,0.000000
1.000000,-0.000891,-0.001008,0.001105,0.009116,0.005523,0.012294,0.005572,0.028934,-0.008787,-0.022040,0.000000
1.000000,0.002077,0.001011,0.000148,0.008372,0.006278,0.012685,0.005778,0.027530,-0.011041,-0.018601,0.000000
1.000000,-0.014333,-0.005693,0.000603,0.006769,0.005586,0.012970,0.005080,0.024872,-0.010490,-0.016550,0.000000
1.000000,-0.009671,-0.003790,-0.000877,0.003295,0.005323,0.013051,0.005267,0.024440,-0.010621,-0.015749,0.000000
1.000000,-0.016843,-0.007932,-0.001654,0.003468,0.004149,0.012935,0.005940,0.025216,-0.012319,-0.014037,0.000000
1.000000,-0.023119,-0.012378,-0.006693,-0.000831,0.003484,0.013518,0.004888,0.023334,-0.012517,-0.011502,0.000000
1.000000,0.040569,-0.004679,-0.001834,0.001198,0.006246,0.014174,0.003872,0.022860,-0.009215,-0.010646,0.000000
1.000000,-0.044052,-0.010623,-0.008158,-0.001082,0.003650,0.014329,0.002939,0.022631,-0.009789,-0.009519,0.000000
1.000000,-0.003495,-0.009388,-0.006589,-0.000648,0.003961,0.015362,0.001722,0.018960,-0.007454,-0.004347,0.000000
1.000000,0.005079,-0.005003,-0.006468,-0.000237,0.004238,0.014189,0.001679,0.018772,-0.006944,-0.007849,0.000000
1.000000,-0.059359,-0.012251,-0.012314,-0.005605,0.001973,0.015134,0.000957,0.017309,-0.006073,-0.005048,0.000000
1.000000,-0.002355,-0.020836,-0.012758,-0.006305,0.001328,0.014998,0.001621,0.018024,-0.004757,-0.007568,0.000000
1.000000,-0.011177,-0.014261,-0.012442,-0.005919,0.000365,0.014517,-0.000224,0.016631,-0.005174,-0.003961,0.000000
1.000000,0.038093,-0.005944,-0.007666,-0.004271,-0.000359,0.017326,-0.006941,0.013218,-0.010648,-0.000292,0.000000
1.000000,-0.033336,-0.013627,-0.009315,-0.005485,-0.000793,0.017287,-0.005291,0.013472,-0.005752,-0.001494,0.000000
1.000000,0.001355,-0.001484,-0.006868,-0.006780,-0.002843,0.016814,-0.005998,0.013050,-0.008329,-0.002288,0.000000
1.000000,0.064242,0.011835,-0.004500,-0.003167,-0.000702,0.016615,-0.004543,0.011816,-0.007705,0.004051,0.000000
1.000000,0.002853,0.014641,0.000190,-0.003984,-0.000658,0.016348,-0.003470,0.012687,-0.006260,0.001930,0.000000
1.000000,-0.034786,0.000066,-0.002939,-0.004764,-0.001412,0.017166,-0.002418,0.010883,-0.006872,0.001772,0.000000
1.000000,-0.007567,0.005219,-0.004204,-0.005336,-0.001559,0.017179,-0.002399,0.010877,-0.006849,0.001892,0.000000
1.000000,-0.008624,0.003224,0.000870,-0.005722,-0.003446,0.017096,-0.002432,0.011273,-0.006745,0.001673,0.000000
1.000000,0.026624,-0.004300,0.003768,-0.004495,-0.002947,0.017651,-0.003118,0.011133,-0.006594,0.002515,0.000000
1.000000,-0.026958,-0.010262,0.002190,-0.005126,-0.003216,0.017815,-0.005295,0.009626,-0.009458,0.004271,0.000000
1.000000,-0.013419,-0.005988,-0.002961,-0.005314,-0.003835,0.017317,-0.005380,0.008384,-0.008948,0.004591,0.000000
1.000000,0.031907,0.001906,0.003563,-0.002876,-0.002469,0.017406,-0.006198,0.007698,-0.010060,0.007466,0.000000
1.000000,0.022960,0.008223,0.005723,-0.000572,-0.002612,0.017358,-0.006576,0.008592,-0.009642,0.005553,0.000000
1.000000,-0.006093,0.001680,-0.001310,-0.002905,-0.002548,0.018537,-0.006765,0.007765,-0.008200,0.006047,0.000000
1.000000,-0.033358,0.000399,-0.004931,-0.002371,-0.004300,0.018150,-0.007525,0.009359,-0.008652,0.005479,0.000000
1.000000,0.001993,0.003482,-0.001253,-0.002096,-0.003594,0.017891,-0.005945,0.009183,-0.006757,0.005930,0.000000
1.000000,0.001327,-0.002634,-0.000364,-0.002284,-0.003678,0.017856,-0.005039,0.010367,-0.004266,0.003708,0.000000
1.000000,-0.006318,-0.008490,-0.000133,0.000368,-0.003859,0.017388,-0.004099,0.008920,-0.002076,0.004644,0.000000
1.000000,0.024709,-0.002329,-0.000325,0.001721,-0.003105,0.017091,-0.005222,0.008397,0.000510,0.008811,0.000000
1.000000,0.015820,0.007506,0.003953,0.003071,-0.002100,0.017615,-0.004578,0.008637,-0.000171,0.008370,0.000000
1.000000,-0.026287,0.001850,0.002666,-0.000148,-0.002654,0.017823,-0.003858,0.008716,0.001306,0.009408,0.000000
1.000000,-0.018922,-0.002200,-0.002417,0.000573,-0.002723,0.017876,-0.003632,0.008599,0.001194,0.009523,0.000000
1.000000,0.015298,0.002123,-0.003183,0.001270,-0.001442,0.019556,-0.001157,0.011937,0.004035,0.005108,0.000000
1.000000,0.134150,0.024012,0.010841,0.004766,0.001677,0.018788,-0.000946,0.002535,0.008138,0.005047,0.000000
1.000000,-0.010444,0.018759,0.013133,0.004101,0.002797,0.018377,-0.001231,0.002058,0.011089,0.005210,0.000000
1.000000,0.007843,0.025585,0.013718,0.006232,0.003175,0.018822,-0.001980,0.002857,0.012230,0.001732,0.000000
1.000000,0.001446,0.029659,0.013729,0.006683,0.003054,0.019464,-0.000893,0.003952,0.007572,0.003342,0.000000
1.000000,-0.015725,0.023454,0.012789,0.006328,0.004508,0.020047,0.000108,0.003899,0.006429,0.002497,0.000000
1.000000,0.017746,0.000173,0.012092,0.005884,0.005178,0.023052,0.007362,-0.000424,0.013457,0.019176,0.000000
1.000000,-0.013353,-0.000409,0.009175,0.006564,0.005106,0.023458,0.006084,0.002403,0.011792,0.015287,0.000000
1.000000,-0.006744,-0.003326,0.011129,0.006898,0.003611,0.021986,0.004043,0.002151,0.011069,0.013626,0.000000
1.000000,0.007620,-0.002091,0.013784,0.005683,0.004977,0.021267,0.004466,0.002764,0.011301,0.012650,0.000000
1.000000,0.012188,0.003492,0.013473,0.005145,0.005338,0.019563,0.003015,0.000730,0.015684,0.016730,0.000000
1.000000,0.017725,0.003487,0.001830,0.006336,0.003787,0.018124,0.002730,0.000436,0.015635,0.019560,0.000000
1.000000,0.005933,0.007344,0.003468,0.008300,0.003890,0.018224,0.003691,-0.000107,0.015561,0.021414,0.000000
1.000000,-0.019915,0.004710,0.000692,0.007205,0.004385,0.018765,0.002442,0.001176,0.017061,0.015086,0.000000
1.000000,0.025253,0.008237,0.003073,0.008401,0.005479,0.019075,0.001607,0.001156,0.016461,0.014171,0.000000
1.000000,0.022716,0.010342,0.006917,0.009853,0.006524,0.017544,0.002794,-0.001455,0.017488,0.021558,0.000000
1.000000,-0.019080,0.002981,0.003234,0.007663,0.005001,0.017590,0.002885,-0.001669,0.018644,0.022704,0.000000
1.000000,0.022361,0.006267,0.006806,0.007990,0.006645,0.017611,0.002609,-0.001397,0.017394,0.021710,0.000000
1.000000,0.022139,0.014678,0.009694,0.010412,0.007830,0.017855,0.002489,-0.001198,0.017646,0.020529,0.000000
1.000000,-0.005892,0.008449,0.008343,0.011063,0.006570,0.017820,0.002830,0.000929,0.016322,0.015123,0.000000
1.000000,-0.005116,0.002882,0.006612,0.010043,0.005634,0.017409,0.003198,0.000923,0.016967,0.016425,0.000000
1.000000,-0.036848,-0.000671,0.001155,0.001493,0.004609,0.017455,0.003531,-0.000685,0.018804,0.018400,0.000000
1.000000,0.000840,-0.004975,0.000646,0.002057,0.005749,0.017176,0.003297,-0.001259,0.019142,0.017447,0.000000
1.000000,-0.037643,-0.016932,-0.001127,-0.000217,0.004428,0.016853,0.004334,-0.002434,0.017403,0.020434,0.000000
1.000000,-0.002619,-0.016277,-0.003914,-0.000421,0.004296,0.016928,0.003927,-0.002407,0.017579,0.021400,0.000000
1.000000,-0.037102,-0.022674,-0.009896,-0.001490,0.003270,0.017776,0.004242,-0.001140,0.018186,0.019100,0.000000
1.000000,0.015006,-0.012304,-0.006487,-0.001627,0.002946,0.018147,0.004555,-0.002297,0.018756,0.021400,0.000000
1.000000,-0.016519,-0.015775,-0.010375,-0.001785,0.001868,0.018105,0.004322,-0.002157,0.019211,0.020591,0.000000
1.000000,-0.015873,-0.011421,-0.014177,-0.002241,0.002216,0.018194,0.004358,-0.002101,0.019333,0.020797,0.000000
1.000000,-0.013007,-0.013499,-0.014888,-0.003273,0.002413,0.018168,0.004412,-0.002959,0.017407,0.022984,0.000000
1.000000,0.026151,-0.000848,-0.011761,-0.002575,0.002775,0.018421,0.005358,-0.002463,0.016793,0.024738,0.000000
1.000000,0.010873,-0.001675,-0.006989,-0.002917,-0.001335,0.017918,0.004799,-0.002607,0.014047,0.024032,0.000000
1.000000,-0.013001,-0.000971,-0.008373,-0.003864,-0.001420,0.016489,0.005182,-0.004133,0.014439,0.024023,0.000000
1.000000,-0.007024,0.000798,-0.005312,-0.003219,-0.001915,0.016443,0.005253,-0.003993,0.014215,0.023294,0.000000
1.000000,-0.005224,0.002355,-0.005572,-0.004743,-0.002138,0.018232,0.006989,-0.002258,0.015319,0.026148,0.000000
1.000000,0.000616,-0.002752,-0.001800,-0.005848,-0.001593,0.016556,0.007283,-0.002533,0.013916,0.023335,0.000000
1.000000,0.010718,-0.002783,-0.002229,-0.004358,-0.001827,0.016496,0.005210,-0.004260,0.012625,0.023525,0.000000
1.000000,-0.003356,-0.000854,-0.000913,-0.005644,-0.001494,0.016272,0.005630,-0.003601,0.012227,0.022046,0.000000
1.000000,0.012453,0.003041,0.001920,-0.006128,-0.000854,0.014737,0.007431,-0.003483,0.012121,0.021721,0.000000
1.000000,-0.017662,0.000554,0.001454,-0.006717,-0.001697,0.013170,0.009409,-0.008930,0.014199,0.023215,0.000000
1.000000,0.014639,0.003358,0.000303,-0.005729,-0.001615,0.014727,0.010144,-0.007184,0.017372,0.025383,0.000000
1.000000,-0.019567,-0.002699,-0.002741,-0.004865,-0.002858,0.014115,0.008514,-0.003049,0.011485,0.012342,0.000000
1.000000,-0.012114,-0.004450,-0.002652,-0.005513,-0.003460,0.013427,0.008180,-0.001801,0.011673,0.011420,0.000000
1.000000,-0.007213,-0.008383,-0.002671,-0.003991,-0.003036,0.013030,0.006823,-0.000415,0.012693,0.012479,0.000000
1.000000,-0.012670,-0.007385,-0.003416,-0.004494,-0.004301,0.012548,0.006846,-0.000883,0.013320,0.013412,0.000000
1.000000,0.031689,-0.003975,-0.000308,-0.001054,-0.004002,0.012785,0.008189,-0.000836,0.013065,0.013873,0.000000
1.000000,-0.008685,-0.001799,-0.002249,-0.002239,-0.003655,0.011861,0.008246,-0.001010,0.013720,0.012751,0.000000
1.000000,-0.021093,-0.003595,-0.004022,-0.002468,-0.005103,0.011762,0.009428,0.000741,0.015179,0.014977,0.000000
1.000000,0.009500,-0.000252,-0.004318,-0.001199,-0.005525,0.011737,0.010264,0.001370,0.015245,0.016646,0.000000
1.000000,-0.024244,-0.002567,-0.004976,-0.001761,-0.006137,0.011112,0.010424,0.001094,0.015240,0.012828,0.000000
1.000000,-0.025177,-0.013940,-0.008957,-0.004327,-0.006805,0.011105,0.011386,0.001334,0.016134,0.018702,0.000000
1.000000,-0.002653,-0.012733,-0.007266,-0.005003,-0.005665,0.011026,0.012141,0.001570,0.016364,0.018882,0.000000
1.000000,-0.019106,-0.012336,-0.007965,-0.005309,-0.006330,0.010852,0.014182,-0.002028,0.016796,0.019458,0.000000
1.000000,-0.049247,-0.024085,-0.012169,-0.007420,-0.006717,0.012128,0.015822,0.002686,0.020883,0.018851,0.000000
1.000000,0.016920,-0.015853,-0.009210,-0.006313,-0.006066,0.012275,0.015739,0.002709,0.022427,0.018635,0.000000
1.000000,-0.028001,-0.016417,-0.015179,-0.007743,-0.005762,0.012960,0.015991,0.003345,0.022119,0.018337,0.000000
1.000000,0.008233,-0.014240,-0.013487,-0.007868,-0.005988,0.012609,0.016002,0.003384,0.020769,0.015353,0.000000
1.000000,0.002492,-0.009921,-0.011128,-0.007575,-0.005354,0.011948,0.015739,0.003276,0.021413,0.014478,0.000000
1.000000,0.022157,0.004360,-0.009862,-0.007090,-0.004087,0.012156,0.014852,0.002394,0.020380,0.013544,0.000000
1.000000,-0.020735,-0.003171,-0.009512,-0.007244,-0.004344,0.011843,0.014801,0.001088,0.021562,0.016057,0.000000
1.000000,-0.072143,-0.011999,-0.014208,-0.011583,-0.007621,0.013031,0.020479,0.000956,0.027151,0.024124,0.000000
1.000000,0.015528,-0.010540,-0.012390,-0.009828,-0.007466,0.016966,0.017859,0.016721,0.022116,0.018413,0.000000
1.000000,-0.039867,-0.019012,-0.014466,-0.011216,-0.008361,0.017164,0.017115,0.016952,0.021540,0.018130,0.000000
1.000000,-0.019748,-0.027393,-0.011516,-0.011843,-0.008785,0.017126,0.016586,0.016718,0.021322,0.018754,0.000000
1.000000,-0.145743,-0.052395,-0.027783,-0.018496,-0.013469,0.018991,0.015534,0.009861,0.024303,0.025495,0.000000
1.000000,-0.052581,-0.048482,-0.030241,-0.022710,-0.015243,0.019175,0.015000,0.011306,0.031201,0.020554,0.000000
1.000000,0.052581,-0.041072,-0.025806,-0.019646,-0.013847,0.017121,0.010892,0.001732,0.022567,0.034049,0.000000
1.000000,-0.013005,-0.035699,-0.027356,-0.019242,-0.014169,0.016044,0.013268,-0.001836,0.030592,0.032686,0.000000
1.000000,-0.006567,-0.033063,-0.030228,-0.020045,-0.014803,0.016007,0.014457,-0.003162,0.030751,0.031874,0.000000
1.000000,0.032410,0.002568,-0.024914,-0.017213,-0.013134,0.017143,0.013489,-0.004419,0.030398,0.035826,0.000000
1.000000,0.026081,0.018300,-0.015091,-0.014650,-0.012752,0.016185,0.013086,-0.007782,0.026611,0.037088,0.000000
1.000000,-0.031563,0.001471,-0.019800,-0.016095,-0.013152,0.017503,0.012839,-0.011281,0.025125,0.038901,0.000000
1.000000,-0.023640,-0.000656,-0.018177,-0.016322,-0.013536,0.018477,0.007986,-0.001658,0.021816,0.032659,0.000000
1.000000,-0.025655,-0.004473,-0.018768,-0.015142,-0.014151,0.018969,0.008055,-0.003126,0.019142,0.036172,0.000000
1.000000,-0.010157,-0.012987,-0.005210,-0.016496,-0.014067,0.017531,0.010789,-0.002986,0.023678,0.033211,0.000000
1.000000,0.022592,-0.013684,0.002308,-0.013966,-0.014371,0.018433,0.007521,-0.004999,0.021436,0.035832,0.000000
1.000000,0.023950,-0.002582,-0.000555,-0.013181,-0.013283,0.018622,0.007045,0.000596,0.021999,0.035926,0.000000
1.000000,-0.027760,-0.003406,-0.002031,-0.014693,-0.013505,0.018680,0.008066,0.001903,0.023290,0.032443,0.000000
1.000000,0.073119,0.016349,0.005938,-0.012145,-0.011384,0.020575,0.009726,0.007377,0.025584,0.030230,0.000000
1.000000,-0.069785,0.004423,-0.004282,-0.014598,-0.012902,0.022366,0.008906,0.003482,0.022822,0.037173,0.000000
1.000000,-0.027478,-0.005591,-0.009638,-0.012364,-0.012979,0.022301,0.009302,0.004036,0.023722,0.036227,0.000000
1.000000,-0.027250,-0.015831,-0.009206,-0.014503,-0.013799,0.022349,0.009546,0.004686,0.022266,0.036527,0.000000
1.000000,0.012974,-0.007684,-0.005545,-0.011861,-0.012730,0.022505,0.009487,0.005559,0.022745,0.035226,0.000000
1.000000,-0.019020,-0.026112,-0.004881,-0.011825,-0.011722,0.022739,0.008381,0.006974,0.023907,0.032599,0.000000
1.000000,-0.015275,-0.015210,-0.005393,-0.005301,-0.012795,0.022853,0.009072,0.006805,0.024260,0.032599,0.000000
1.000000,-0.032328,-0.016180,-0.010885,-0.004289,-0.012939,0.022517,0.009012,0.006290,0.023242,0.034220,0.000000
1.000000,-0.023594,-0.015448,-0.015640,-0.008097,-0.014000,0.022324,0.008522,0.006138,0.022504,0.035161,0.000000
1.000000,-0.045513,-0.027146,-0.017415,-0.009723,-0.015600,0.022332,0.008496,0.006062,0.021489,0.036235,0.000000
1.000000,-0.018339,-0.027010,-0.026561,-0.010311,-0.016950,0.017700,0.012057,0.003801,0.031636,0.028345,0.000000
1.000000,-0.019860,-0.027927,-0.021568,-0.012925,-0.016921,0.016745,0.014042,0.004803,0.033434,0.020766,0.000000
1.000000,0.037631,-0.013935,-0.015057,-0.012347,-0.013262,0.016859,0.013089,0.004112,0.035948,0.017933,0.000000
1.000000,0.078643,0.006512,-0.004468,-0.006837,-0.011158,0.018508,0.009231,0.008214,0.027385,0.020063,0.000000
1.000000,0.015633,0.018742,-0.004202,-0.004874,-0.009308,0.018825,0.010300,0.008304,0.027174,0.020661,0.000000
1.000000,-0.001552,0.022099,-0.002455,-0.003668,-0.008702,0.018831,0.008116,0.005484,0.026730,0.024356,0.000000
1.000000,-0.038537,0.018364,-0.004782,-0.005087,-0.005128,0.018065,0.007610,0.004525,0.025889,0.024892,0.000000
1.000000,0.012303,0.013298,-0.000318,-0.005602,-0.002965,0.018104,0.007723,0.004448,0.026177,0.024604,0.000000
1.000000,-0.038477,-0.010126,-0.001807,-0.008723,-0.006001,0.016892,0.009386,0.006125,0.026775,0.011217,0.000000
1.000000,-0.009437,-0.015140,0.001801,-0.007807,-0.005882,0.016503,0.011293,0.006665,0.028835,0.007042,0.000000
1.000000,0.029673,-0.008895,0.006602,-0.009979,-0.004674,0.016771,0.010470,0.006014,0.027858,0.007929,0.000000
1.000000,-0.024666,-0.006121,0.006121,-0.007723,-0.006576,0.016861,0.010349,0.005778,0.027768,0.008582,0.000000
1.000000,0.005534,-0.007474,0.002912,-0.006073,-0.007261,0.016592,0.010058,0.006652,0.026946,0.005523,0.000000
1.000000,-0.004979,-0.000775,-0.005450,-0.004959,-0.006375,0.016669,0.009689,0.005505,0.026949,0.006813,0.000000
1.000000,-0.035567,-0.006001,-0.010571,-0.007386,-0.006773,0.017058,0.010009,0.004608,0.026892,0.008167,0.000000
1.000000,0.039994,-0.003937,-0.006416,-0.004436,-0.004584,0.017576,0.009971,0.004703,0.026196,0.009885,0.000000
1.000000,0.019684,0.004933,-0.000594,-0.002688,-0.003590,0.017648,0.010167,0.004930,0.025869,0.009437,0.000000
1.000000,-0.009793,0.001868,-0.002803,-0.001561,-0.004669,0.017568,0.009620,0.002616,0.026478,0.011453,0.000000
1.000000,-0.058542,-0.008845,-0.004810,-0.003308,-0.007419,0.017819,0.009709,0.002444,0.026610,0.012355,0.000000
1.000000,-0.022275,-0.006187,-0.006094,-0.002147,-0.007236,0.018039,0.010910,-0.000383,0.025913,0.015349,0.000000
1.000000,-0.039909,-0.022167,-0.013052,-0.003225,-0.011004,0.018219,0.011129,-0.000393,0.024922,0.015133,0.000000
1.000000,-0.049315,-0.035967,-0.015517,-0.004698,-0.010321,0.019055,0.012415,-0.001178,0.025493,0.017248,0.000000
1.000000,0.036275,-0.026753,-0.012443,-0.004766,-0.008196,0.018989,0.014445,0.001867,0.025070,0.012536,0.000000
1.000000,-0.052610,-0.025567,-0.017206,-0.011328,-0.009041,0.019568,0.017742,-0.001060,0.026092,0.012741,0.000000
1.000000,-0.060419,-0.033195,-0.019691,-0.015131,-0.011488,0.020068,0.017827,-0.001684,0.024350,0.013290,0.000000
1.000000,-0.014095,-0.028033,-0.025100,-0.015758,-0.011324,0.019841,0.017634,-0.002017,0.021611,0.012754,0.000000
1.000000,0.006367,-0.016896,-0.026432,-0.013513,-0.010602,0.019691,0.017838,-0.001327,0.020704,0.011895,0.000000
1.000000,0.016090,-0.020933,-0.023843,-0.013323,-0.008988,0.019656,0.016199,-0.001457,0.017956,0.012809,0.000000
1.000000,0.072918,0.004172,-0.010697,-0.007754,-0.005771,0.020922,0.016122,-0.006036,0.018119,0.022485,0.000000
1.000000,0.063732,0.029002,-0.002097,-0.004095,-0.002130,0.021528,0.016657,-0.006797,0.017525,0.025109,0.000000
1.000000,0.020965,0.036014,0.003991,-0.004531,-0.000820,0.021459,0.017092,-0.004758,0.017241,0.024428,0.000000
1.000000,0.039517,0.042644,0.012874,-0.001321,0.001160,0.021697,0.018057,-0.004076,0.016536,0.023322,0.000000
1.000000,0.040206,0.047468,0.013267,0.000412,0.001245,0.021200,0.015796,-0.003264,0.012969,0.021806,0.000000
1.000000,0.016287,0.036141,0.020157,0.001476,-0.000833,0.021242,0.015809,-0.004624,0.014246,0.024735,0.000000
1.000000,-0.036188,0.016157,0.022580,0.001444,-0.002561,0.021225,0.015982,-0.004520,0.013816,0.024557,0.000000
1.000000,0.003901,0.012745,0.024379,-0.000360,-0.002379,0.020900,0.014747,-0.004353,0.014225,0.024339,0.000000
1.000000,-0.024206,-0.000000,0.021322,-0.002555,-0.001901,0.020112,0.015542,0.000860,0.006899,0.016880,0.000000
1.000000,0.035818,-0.000878,0.023295,-0.000274,-0.001117,0.020020,0.015943,0.003032,0.001133,0.015292,0.000000
1.000000,-0.042106,-0.012556,0.011793,0.000548,-0.001238,0.020582,0.022054,0.007787,0.006680,0.005434,0.000000
1.000000,-0.026730,-0.010665,0.002746,0.000325,-0.001815,0.021153,0.023406,0.007981,0.007249,0.006972,0.000000
1.000000,-0.123986,-0.036242,-0.011749,-0.003879,-0.006937,0.020976,0.015589,-0.001811,-0.003295,0.025026,0.000000
1.000000,-0.097245,-0.050850,-0.025425,-0.006275,-0.009356,0.021319,0.020301,0.002321,-0.003832,0.017501,0.000000
1.000000,0.040322,-0.049949,-0.025413,-0.006073,-0.008196,0.021215,0.017926,0.001477,-0.009512,0.022013,0.000000
1.000000,0.027151,-0.036098,-0.024327,-0.002085,-0.007125,0.021558,0.019963,0.002055,-0.004691,0.016219,0.000000
1.000000,-0.060153,-0.042782,-0.026723,-0.002072,-0.007945,0.021972,0.022752,0.002373,-0.002452,0.015481,0.000000
1.000000,-0.016177,-0.021220,-0.028731,-0.002176,-0.009817,0.021290,0.019662,0.001856,-0.006576,0.015492,0.000000
1.000000,0.078388,0.013906,-0.018472,0.001425,-0.007860,0.021524,0.020979,0.003064,-0.007921,0.014175,0.000000
1.000000,-0.017981,0.002246,-0.023852,-0.000278,-0.008133,0.021281,0.020750,0.004006,-0.007342,0.011777,0.000000
1.000000,0.025492,0.001914,-0.017092,-0.002650,-0.005332,0.021925,0.022755,-0.000714,-0.002124,0.013199,0.000000
1.000000,0.030813,0.020107,-0.011338,-0.004296,-0.003563,0.021743,0.022263,-0.000927,-0.001198,0.012982,0.000000
1.000000,0.036909,0.030724,0.004752,-0.003498,-0.001002,0.021180,0.021578,-0.001949,-0.002665,0.013999,0.000000
1.000000,-0.034274,0.008192,0.011049,-0.007188,-0.000501,0.021037,0.021647,-0.001893,-0.001047,0.015110,0.000000
1.000000,-0.060337,-0.000279,0.000983,-0.012215,-0.003721,0.021071,0.021343,-0.003174,-0.000559,0.015223,0.000000
1.000000,-0.001399,-0.005658,-0.001872,-0.013099,-0.002014,0.021063,0.020704,-0.003776,0.000123,0.015955,0.000000
1.000000,-0.021217,-0.016064,0.002022,-0.012351,-0.000707,0.020828,0.019927,-0.003881,-0.001573,0.016631,0.000000
1.000000,-0.007894,-0.025024,0.002850,-0.012941,-0.000501,0.021027,0.020724,-0.004727,-0.000557,0.015717,0.000000
1.000000,-0.024062,-0.022982,-0.007395,-0.012933,-0.001515,0.021092,0.020968,-0.004877,-0.000793,0.015978,0.000000
1.000000,-0.048384,-0.020591,-0.010435,-0.017143,-0.003664,0.021000,0.020796,-0.004929,-0.000973,0.015963,0.000000
1.000000,0.007716,-0.018768,-0.012213,-0.014652,-0.005837,0.021200,0.020256,-0.004671,-0.005318,0.016705,0.000000
1.000000,-0.012374,-0.017000,-0.016532,-0.013935,-0.008374,0.020216,0.021642,-0.006441,-0.009916,0.023986,0.000000
1.000000,-0.022031,-0.019827,-0.022426,-0.008837,-0.009807,0.022775,0.020167,-0.004180,-0.014802,0.023741,0.000000
1.000000,0.058704,-0.003274,-0.013128,-0.001039,-0.009168,0.023436,0.020270,-0.003792,-0.014360,0.022633,0.000000
1.000000,-0.004511,0.005501,-0.007545,-0.003281,-0.010658,0.023418,0.020221,-0.004047,-0.014134,0.023041,0.000000
1.000000,-0.074282,-0.010899,-0.014834,-0.008353,-0.013677,0.021495,0.019045,-0.003048,-0.017911,0.022661,0.000000
1.000000,-0.014718,-0.011368,-0.014184,-0.006081,-0.012962,0.021518,0.018707,-0.002869,-0.018798,0.023162,0.000000
1.000000,0.063818,0.005802,-0.007013,-0.002081,-0.010965,0.021615,0.021727,-0.002627,-0.015827,0.022945,0.000000
1.000000,-0.026626,-0.011264,-0.007269,-0.007332,-0.011045,0.023033,0.019211,-0.000567,-0.016431,0.020582,0.000000
1.000000,-0.014389,-0.013240,-0.003869,-0.007152,-0.012719,0.023077,0.019131,-0.000153,-0.015972,0.019531,0.000000
1.000000,0.019929,0.005603,-0.002648,-0.007431,-0.010651,0.022805,0.019093,0.000684,-0.017726,0.023953,0.000000
1.000000,0.025712,0.013689,0.001161,-0.007686,-0.008903,0.024034,0.016468,0.001116,-0.019647,0.025704,0.000000
1.000000,-0.020988,-0.003272,0.001265,-0.010580,-0.005470,0.024329,0.016316,0.000413,-0.019197,0.025822,0.000000
1.000000,0.003920,0.002837,-0.004214,-0.008671,-0.002097,0.023315,0.016272,0.000439,-0.018951,0.027667,0.000000
1.000000,-0.025358,0.000643,-0.006298,-0.006922,-0.004287,0.021970,0.018188,0.000423,-0.020104,0.031898,0.000000
1.000000,-0.026842,-0.008711,-0.001554,-0.008194,-0.006087,0.021775,0.017700,-0.000964,-0.018143,0.033509,0.000000
1.000000,-0.050729,-0.023999,-0.005155,-0.009670,-0.005772,0.021845,0.017400,-0.000579,-0.018848,0.035220,0.000000
1.000000,0.031586,-0.013485,-0.008378,-0.007696,-0.004180,0.020872,0.017821,-0.001764,-0.017462,0.040146,0.000000
1.000000,0.132060,0.012143,0.007490,0.000111,-0.002391,0.021500,0.020200,-0.001789,-0.011197,0.033513,0.000000
1.000000,-0.048275,0.007560,0.004102,0.000116,-0.003401,0.021542,0.020785,-0.002602,-0.010937,0.033662,0.000000
1.000000,-0.051537,0.002621,-0.003045,-0.002847,-0.005969,0.020659,0.021983,-0.003215,-0.011890,0.034091,0.000000
1.000000,-0.132021,-0.013638,-0.018818,-0.008829,-0.011397,0.019271,0.025069,-0.010384,0.006178,0.033072,0.000000
1.000000,-0.016854,-0.023326,-0.018405,-0.008570,-0.013189,0.018049,0.025319,-0.008612,0.006320,0.030859,0.000000
1.000000,-0.011396,-0.052017,-0.019937,-0.012075,-0.012426,0.017399,0.025326,-0.008505,0.005341,0.029572,0.000000
1.000000,-0.000956,-0.042553,-0.017497,-0.011897,-0.010447,0.017665,0.024591,-0.010528,0.004835,0.032663,0.000000
1.000000,0.018001,-0.028645,-0.013012,-0.007283,-0.009800,0.017853,0.023941,-0.010228,0.004379,0.033301,0.000000
1.000000,0.113496,0.020458,0.003410,-0.000872,-0.005310,0.019112,0.023693,-0.009374,0.006165,0.040835,0.000000
1.000000,0.036218,0.031073,0.003874,-0.002252,-0.003839,0.019328,0.023568,-0.008821,0.007080,0.041157,0.000000
1.000000,-0.019592,0.029434,-0.011292,-0.001901,-0.003690,0.019495,0.023320,-0.008662,0.007661,0.040375,0.000000
1.000000,-0.085139,0.012597,-0.014978,-0.005438,-0.004915,0.019703,0.026421,-0.008335,0.009317,0.040957,0.000000
1.000000,-0.008112,0.007374,-0.010636,-0.006840,-0.005443,0.018078,0.026056,-0.004766,0.009725,0.036813,0.000000
1.000000,0.026787,-0.009968,0.005245,-0.006787,-0.004138,0.017673,0.025814,-0.005506,0.009351,0.039313,0.000000
1.000000,-0.008850,-0.018981,0.006046,-0.006180,-0.003698,0.017668,0.025543,-0.007837,0.007574,0.039846,0.000000
1.000000,0.021109,-0.010841,0.009296,-0.005320,-0.004951,0.015790,0.023099,-0.004659,0.008213,0.040218,0.000000
1.000000,-0.029141,0.000359,0.006478,-0.005509,-0.005772,0.015473,0.023723,-0.003748,0.009089,0.037120,0.000000
1.000000,-0.042092,-0.006437,0.000468,-0.006272,-0.004699,0.015571,0.023220,-0.002222,0.008354,0.036335,0.000000
1.000000,-0.116849,-0.035165,-0.022566,-0.009578,-0.008104,0.018559,0.021918,-0.003130,0.004411,0.034739,0.000000
1.000000,-0.004211,-0.034237,-0.026609,-0.011368,-0.010371,0.018527,0.022501,-0.005617,0.003739,0.036172,0.000000
1.000000,-0.037619,-0.045982,-0.028412,-0.019852,-0.010738,0.018242,0.022198,-0.007040,-0.000284,0.037686,0.000000
1.000000,-0.044800,-0.049114,-0.024378,-0.019678,-0.011751,0.017563,0.023132,-0.005587,0.002973,0.038103,0.000000
1.000000,-0.030235,-0.046743,-0.026590,-0.018613,-0.013424,0.017431,0.021600,-0.005886,0.001987,0.041245,0.000000
1.000000,0.047271,-0.013919,-0.024542,-0.009648,-0.012705,0.018264,0.020841,-0.007029,-0.001107,0.040445,0.000000
1.000000,-0.073588,-0.027794,-0.031015,-0.012485,-0.014458,0.017800,0.023855,0.017233,0.016803,0.009523,0.000000
1.000000,-0.079437,-0.036158,-0.041070,-0.015887,-0.017237,0.017234,0.025330,0.017446,0.020366,0.006784,0.000000
1.000000,0.025908,-0.022016,-0.035565,-0.014544,-0.015528,0.015100,0.029559,0.018842,0.025227,-0.004645,0.000000
1.000000,0.058365,-0.004296,-0.025519,-0.012525,-0.012688,0.017310,0.028263,0.012851,0.022969,0.014114,0.000000
1.000000,-0.002415,-0.014233,-0.014076,-0.018321,-0.011077,0.017282,0.027720,0.010163,0.023530,0.017030,0.000000
1.000000,-0.072714,-0.014058,-0.020926,-0.023768,-0.014554,0.018477,0.033376,0.016016,0.032687,0.016464,0.000000
1.000000,0.034508,0.008731,-0.013714,-0.021063,-0.017806,0.016518,0.027260,0.009176,0.023545,0.017910,0.000000
1.000000,0.052612,0.014071,-0.003972,-0.014175,-0.014443,0.016059,0.026289,0.012438,0.017120,0.025285,0.000000
1.000000,-0.030250,-0.003652,-0.003974,-0.015282,-0.013733,0.016289,0.025848,0.010872,0.014708,0.028960,0.000000
1.000000,0.141790,0.025189,0.005478,-0.009532,-0.004606,0.019705,0.028311,0.008726,0.013730,0.039704,0.000000
1.000000,-0.052528,0.029226,0.007584,-0.011716,-0.005795,0.019736,0.027458,0.008054,0.011650,0.042784,0.001000
1.000000,-0.071001,0.008124,0.008427,-0.016321,-0.007782,0.020499,0.027559,0.009244,0.012820,0.041403,0.001000
1.000000,0.083285,0.014259,0.014165,-0.010700,-0.004974,0.021032,0.028868,0.013216,0.018341,0.039661,0.001000
1.000000,0.141546,0.048618,0.022483,-0.001518,-0.000856,0.020463,0.035212,0.021344,0.028685,0.025502,0.001000
1.000000,0.008633,0.021987,0.023588,0.004756,-0.004351,0.021198,0.036451,0.020515,0.032075,0.023836,0.001000
1.000000,-0.059014,0.020690,0.024958,0.002016,-0.007526,0.021434,0.029635,0.015080,0.003665,0.034649,0.001000
1.000000,0.009077,0.036705,0.022415,0.004351,-0.006570,0.021600,0.028642,0.014091,0.002576,0.036332,0.001000
1.000000,-0.016195,0.016809,0.015534,0.005781,-0.004272,0.021627,0.028872,0.014555,0.002346,0.034656,0.001000
1.000000,-0.033198,-0.018139,0.015239,0.005633,-0.005108,0.021612,0.029068,0.013884,0.004049,0.033680,0.001000
1.000000,0.124791,0.005092,0.013540,0.009509,-0.001841,0.023296,0.027712,0.017327,0.001213,0.033576,0.001000
1.000000,0.069241,0.030743,0.025716,0.016650,0.000762,0.023993,0.028588,0.016744,0.002104,0.033844,0.001000
1.000000,0.065570,0.042042,0.039374,0.023900,0.002244,0.024513,0.027485,0.014137,-0.001439,0.038319,0.001000
1.000000,-0.060370,0.033207,0.025008,0.019587,0.001203,0.024135,0.027096,0.015400,-0.001910,0.033468,0.001000
1.000000,-0.020079,0.035830,0.008846,0.015664,0.001936,0.025333,0.029723,0.013775,0.003230,0.034335,0.001000
1.000000,0.086938,0.028260,0.016676,0.020132,0.008729,0.025926,0.031244,0.016975,0.009721,0.025115,0.001000
1.000000,-0.035380,0.007336,0.019039,0.021999,0.007690,0.025714,0.028873,0.017771,0.007466,0.023551,0.001000
1.000000,-0.010947,-0.007968,0.017037,0.019726,0.008579,0.025212,0.029509,0.018488,0.008132,0.020737,0.001000
1.000000,-0.002543,0.003598,0.018402,0.016968,0.009988,0.025190,0.030066,0.017214,0.006505,0.023832,0.001000
1.000000,0.044821,0.016578,0.026204,0.020722,0.012490,0.025244,0.030563,0.016916,0.005799,0.024653,0.001000
1.000000,0.084777,0.016145,0.022203,0.017871,0.013740,0.025077,0.033839,0.016071,0.004095,0.029766,0.001000
1.000000,0.020665,0.027354,0.017345,0.021531,0.016882,0.025103,0.033959,0.015911,0.004280,0.030439,0.001000
1.000000,0.114450,0.052434,0.022233,0.030803,0.023345,0.024933,0.036414,0.018128,-0.001159,0.030392,0.001000
1.000000,-0.003916,0.052159,0.027878,0.026443,0.022350,0.025197,0.031823,0.015031,-0.003432,0.032354,0.001000
1.000000,0.018789,0.046953,0.031765,0.020305,0.021031,0.024966,0.032960,0.016053,-0.005417,0.032441,0.001000
1.000000,0.080141,0.046026,0.031086,0.023881,0.023783,0.024800,0.033322,0.015989,-0.005463,0.031721,0.001000
1.000000,-0.028848,0.036123,0.031739,0.025389,0.025245,0.024757,0.030669,0.014448,-0.004640,0.031026,0.001000
1.000000,-0.034743,0.006285,0.029359,0.023198,0.022937,0.024230,0.027914,0.012211,-0.012594,0.040569,0.001000
1.000000,0.029240,0.012916,0.032538,0.025470,0.022158,0.024111,0.026780,0.013409,-0.011651,0.039071,0.001000
1.000000,-0.014824,0.006193,0.026573,0.026388,0.022672,0.023888,0.025012,0.011380,-0.012286,0.043421,0.001000
1.000000,-0.018845,-0.013604,0.016211,0.019207,0.017318,0.023564,0.024601,0.016239,-0.032041,0.050234,0.001000
1.000000,-0.021148,-0.012064,0.012030,0.014687,0.018364,0.024723,0.022792,0.014180,-0.032115,0.052562,0.001000
1.000000,0.054817,0.005848,0.006066,0.014150,0.022558,0.025623,0.023811,0.014592,-0.026045,0.048960,0.001000
1.000000,0.064117,0.012823,0.012870,0.020374,0.021919,0.025524,0.022889,0.014975,-0.025004,0.046617,0.001000
1.000000,-0.008083,0.014172,0.010182,0.020974,0.016931,0.025327,0.022347,0.016091,-0.022970,0.043916,0.001000
1.000000,0.016672,0.021275,0.003835,0.017460,0.017199,0.023616,0.022692,0.017372,-0.022331,0.036183,0.001000
1.000000,0.001709,0.025846,0.006891,0.019315,0.019223,0.023919,0.022782,0.017452,-0.022693,0.036754,0.001000
1.000000,-0.103655,-0.005848,0.000000,0.014680,0.015465,0.023765,0.024628,0.016966,-0.027649,0.040804,0.001000
1.000000,0.022473,-0.014177,-0.000677,0.015930,0.016754,0.023754,0.023236,0.015534,-0.028495,0.041652,0.001000
1.000000,0.000000,-0.012560,0.000806,0.013689,0.017861,0.023944,0.023540,0.015830,-0.026758,0.039291,0.001000
1.000000,-0.000617,-0.016018,0.002628,0.009420,0.013681,0.023992,0.021697,0.017148,-0.028050,0.040020,0.001000
1.000000,0.036985,-0.008963,0.008442,0.010236,0.012605,0.024113,0.021420,0.017159,-0.028323,0.040103,0.001000
1.000000,-0.030214,0.005725,-0.000061,0.003002,0.009413,0.025505,0.022158,0.016833,-0.026289,0.039678,0.001000
1.000000,0.004896,0.002210,-0.005983,0.003443,0.011588,0.025967,0.021302,0.015401,-0.027915,0.043798,0.000000
1.000000,-0.075424,-0.012875,-0.012717,-0.001268,0.009743,0.026148,0.022541,0.017766,-0.024733,0.040809,0.000000
1.000000,-0.027362,-0.018224,-0.017121,-0.006643,0.005933,0.023945,0.022968,0.019151,-0.024559,0.038075,0.000000
1.000000,-0.004068,-0.026434,-0.017699,-0.005404,0.006977,0.024607,0.023472,0.019025,-0.023991,0.039684,0.000000
1.000000,-0.022674,-0.024926,-0.009600,-0.004800,0.006586,0.024902,0.022846,0.019079,-0.022343,0.039766,0.000000
1.000000,0.049485,-0.016009,-0.006899,-0.003788,0.008321,0.025308,0.022330,0.018900,-0.021150,0.038781,0.000000
1.000000,0.022884,0.003653,-0.004611,-0.001903,0.007589,0.026154,0.022413,0.018069,-0.020498,0.039270,0.000000
1.000000,-0.000647,0.008996,-0.004614,-0.000993,0.004742,0.026059,0.022115,0.015883,-0.021560,0.043364,0.000000
1.000000,0.066921,0.023194,-0.001620,0.003411,0.006284,0.024384,0.023671,0.016499,-0.022277,0.042603,0.000000
1.000000,0.019174,0.031563,0.003319,0.001629,0.003108,0.025143,0.019889,0.014613,-0.023447,0.046497,0.000000
1.000000,0.002371,0.022141,0.003066,-0.001459,0.003317,0.028721,0.012248,0.013057,-0.028323,0.059063,0.000000
1.000000,-0.000592,0.017445,0.010549,-0.001084,0.002671,0.026916,0.014253,0.015724,-0.027497,0.052177,0.000000
1.000000,0.044606,0.026496,0.017746,0.000313,0.001487,0.027912,0.014066,0.015504,-0.027013,0.049741,0.000000
1.000000,0.002264,0.013565,0.018379,0.000340,0.002524,0.028386,0.013876,0.014907,-0.026861,0.051176,0.000000
1.000000,-0.010799,0.007570,0.019567,0.004983,0.003322,0.030937,0.014989,0.015395,-0.022942,0.054853,0.000000
1.000000,0.006266,0.008349,0.015245,0.004173,0.002556,0.030228,0.014361,0.016907,-0.015925,0.039759,0.000000
1.000000,-0.050666,-0.001666,0.007890,0.001639,0.001362,0.027917,0.016132,0.023940,-0.014969,0.026839,0.000000
1.000000,0.000597,-0.010468,0.008014,0.001700,0.002010,0.022997,0.015539,0.026271,-0.016665,0.014943,0.000000
1.000000,-0.005988,-0.012118,0.000723,-0.000448,0.002515,0.021657,0.016822,0.027146,-0.011914,0.004579,0.000000
1.000000,-0.011477,-0.012254,-0.002342,0.000488,0.000305,0.020639,0.016871,0.026934,-0.012545,0.004680,0.000000
1.000000,-0.007317,-0.014970,-0.003311,-0.000122,-0.002076,0.018528,0.018565,0.027490,-0.015179,0.001064,0.000000
1.000000,0.004275,-0.003982,-0.002824,0.003863,-0.001664,0.019829,0.014790,0.022997,-0.021405,0.012147,0.001000
1.000000,-0.058342,-0.015770,-0.013119,0.002314,-0.004165,0.021095,0.015831,0.021085,-0.022484,0.010560,0.001000
1.000000,-0.002587,-0.015090,-0.013604,0.002388,-0.004308,0.020332,0.016903,0.022501,-0.016854,0.009367,0.001000
1.000000,-0.022267,-0.017248,-0.014751,0.002408,-0.001595,0.020056,0.018308,0.023334,-0.016232,0.007729,0.001000
1.000000,0.030009,-0.009783,-0.012376,0.001434,-0.001344,0.020423,0.018141,0.023112,-0.015900,0.008809,0.001000
1.000000,-0.094989,-0.029635,-0.016809,-0.004459,-0.004510,0.021976,0.015469,0.027616,-0.020420,0.015503,0.001000
1.000000,0.048285,-0.008310,-0.012040,-0.002013,-0.002880,0.018295,0.018629,0.028090,-0.017199,0.006917,0.001000
1.000000,-0.013560,-0.010504,-0.012797,-0.006037,-0.004565,0.016804,0.018402,0.028857,-0.017628,0.006988,0.001000
1.000000,-0.022783,-0.010608,-0.013928,-0.008135,-0.004317,0.011676,0.022287,0.033965,-0.014053,-0.001130,0.001000
1.000000,-0.011236,-0.018856,-0.014320,-0.008815,-0.004855,0.011323,0.022181,0.033387,-0.012999,0.002650,0.001000
1.000000,0.000706,0.000282,-0.014676,-0.008750,-0.002317,0.010708,0.022390,0.033364,-0.014209,0.001683,0.001000
1.000000,0.000000,-0.009375,-0.008842,-0.010980,-0.001405,0.007148,0.023201,0.032773,-0.020039,0.004425,0.001000
1.000000,-0.203576,-0.047378,-0.028941,-0.021272,-0.008055,0.022833,0.014749,0.010814,0.003774,0.055708,0.001000
1.000000,-0.027183,-0.048258,-0.029433,-0.022092,-0.008206,0.023671,0.015248,0.009659,0.003044,0.058188,0.001000
1.000000,-0.001779,-0.046366,-0.032611,-0.022494,-0.009914,0.023876,0.015012,0.009654,0.003039,0.058290,0.001000
1.000000,0.046115,-0.037285,-0.018501,-0.017655,-0.009140,0.025371,0.012636,0.006816,0.001732,0.064047,0.001000
1.000000,-0.011976,-0.039680,-0.024527,-0.018284,-0.009518,0.027247,0.008303,0.006227,-0.000624,0.063597,0.001000
1.000000,0.030511,0.007138,-0.020120,-0.016459,-0.010731,0.026918,0.009019,0.007411,0.001608,0.061156,0.001000
1.000000,0.014091,0.015392,-0.016433,-0.015180,-0.010901,0.027360,0.007005,0.003034,0.010127,0.061643,0.001000
1.000000,0.005745,0.016897,-0.014735,-0.014527,-0.010788,0.027306,0.008921,0.004453,0.012928,0.061637,0.001000
1.000000,0.013008,0.010276,-0.013504,-0.014090,-0.010335,0.025838,0.010784,0.004759,0.013571,0.058081,0.001000
1.000000,-0.015466,0.009578,-0.015051,-0.011947,-0.012337,0.027576,0.006014,0.003653,0.016130,0.054712,0.001000
1.000000,0.029901,0.009456,0.008297,-0.010322,-0.011416,0.028516,0.005507,0.002203,0.014395,0.057522,0.001000
1.000000,0.038271,0.014292,0.014842,-0.007295,-0.009780,0.028838,0.006274,0.003304,0.019942,0.057961,0.001000
1.000000,0.040546,0.021252,0.019075,-0.006768,-0.008638,0.027908,0.009369,0.004136,0.020181,0.055098,0.001000
1.000000,0.000736,0.018798,0.014537,-0.001982,-0.006924,0.030248,0.007801,0.004306,0.017838,0.053963,0.001000
1.000000,0.033975,0.028686,0.019132,-0.002698,-0.005812,0.029983,0.008945,0.004870,0.018945,0.052454,0.001000
1.000000,-0.028841,0.016937,0.013197,-0.003462,-0.006574,0.029891,0.009180,0.005785,0.018658,0.051025,0.001000
1.000000,-0.016968,0.005889,0.010091,-0.003171,-0.006757,0.029300,0.009222,0.005923,0.015251,0.051141,0.001000
1.000000,-0.011223,-0.004464,0.008394,-0.003170,-0.006887,0.027846,0.009096,0.006473,0.014642,0.049073,0.001000
1.000000,-0.015928,-0.007797,0.005500,-0.004002,-0.007560,0.028682,0.008909,0.006267,0.013037,0.050926,0.001000
1.000000,0.021929,-0.010206,0.009240,-0.002906,-0.004885,0.028110,0.010888,0.006636,0.012768,0.053891,0.001000
1.000000,0.004478,-0.003543,0.006697,0.007497,-0.004649,0.027391,0.012318,0.008030,0.014512,0.052432,0.001000
1.000000,0.010370,0.001925,0.003907,0.009375,-0.003561,0.026311,0.006296,0.007768,0.022711,0.044779,0.001000
1.000000,0.026901,0.009550,0.002543,0.010809,-0.003665,0.026987,0.005484,0.007539,0.021771,0.045721,0.001000
1.000000,-0.026164,0.007503,-0.000147,0.007195,-0.001371,0.026342,0.007099,0.007198,0.022404,0.045925,0.001000
1.000000,-0.015585,0.000000,-0.005103,0.007014,-0.003500,0.025991,0.009576,0.006814,0.024144,0.044085,0.001000
1.000000,0.060933,0.011291,0.003874,0.008535,-0.001016,0.026941,0.011424,0.007472,0.022217,0.043770,0.001000
1.000000,-0.133833,-0.017550,-0.007812,0.001139,-0.004718,0.032760,0.006536,0.006613,0.015721,0.051156,0.001000
1.000000,-0.072562,-0.037442,-0.013946,-0.002776,-0.006762,0.032627,0.008730,0.007919,0.016529,0.048993,0.001000
1.000000,0.033180,-0.025573,-0.009035,-0.001768,-0.005680,0.033595,0.005597,0.005591,0.013135,0.049469,0.001000
1.000000,0.010820,-0.020292,-0.010146,-0.000453,-0.005319,0.032268,0.005786,0.006024,0.011960,0.050148,0.001000
1.000000,0.053980,-0.021683,-0.005196,0.000751,0.003266,0.031950,0.005909,0.006276,0.012217,0.049518,0.001000
1.000000,0.055676,0.016219,-0.000665,0.001621,0.006028,0.032878,0.006662,0.004583,0.011201,0.053062,0.001000
1.000000,-0.060393,0.018653,-0.009395,-0.003426,0.004074,0.032729,0.005423,0.002813,0.010026,0.051252,0.001000
1.000000,0.001575,0.012332,-0.006621,-0.003384,0.002590,0.033223,0.004943,0.001167,0.009219,0.051917,0.001000
1.000000,0.030223,0.016212,-0.002040,-0.003572,0.003996,0.032693,0.007474,0.004124,0.014408,0.045208,0.001000
1.000000,0.041860,0.013788,-0.003947,-0.000037,0.004374,0.032541,0.001455,0.001710,0.011873,0.050059,0.001000
1.000000,0.057606,0.014174,0.015196,0.003692,0.005825,0.031896,0.006567,0.004641,0.019506,0.044511,0.001000
1.000000,0.039300,0.034113,0.026383,0.006218,0.006943,0.031894,0.006532,0.004492,0.020228,0.043725,0.001000
1.000000,-0.002661,0.033266,0.022799,0.006882,0.006421,0.032043,0.006502,0.003984,0.019580,0.044174,0.001000
1.000000,0.024351,0.032091,0.024152,0.007003,0.007748,0.032590,0.006406,0.001460,0.019364,0.044627,0.001000
1.000000,0.016124,0.026944,0.020366,0.007585,0.007289,0.032486,0.006835,0.000561,0.018395,0.045620,0.001000
1.000000,-0.034497,0.008523,0.011349,0.005342,0.004864,0.033164,0.007175,0.002421,0.022540,0.046927,0.001000
1.000000,-0.037104,-0.006757,0.013678,0.002141,0.002275,0.032781,0.010426,0.001989,0.020864,0.053679,0.001000
1.000000,0.014330,-0.003359,0.014953,0.004166,0.002728,0.033272,0.009137,0.000354,0.020137,0.053236,0.001000
1.000000,0.014795,-0.005270,0.013410,0.005685,0.002089,0.032166,0.014469,0.004580,0.026056,0.053343,0.001000
1.000000,0.009302,-0.006635,0.010155,0.003104,0.003360,0.032492,0.014213,0.005138,0.024232,0.060022,0.001000
1.000000,0.000661,0.000397,0.004460,0.009828,0.003948,0.032189,0.015642,0.006694,0.028278,0.054746,0.001000
1.000000,0.172581,0.042334,0.017788,0.022085,0.010075,0.031855,0.017776,0.003601,0.015052,0.079091,0.001000
1.000000,-0.001113,0.039245,0.017943,0.020371,0.010569,0.030837,0.020106,0.003741,0.015151,0.073989,0.001000
1.000000,-0.003346,0.035617,0.015173,0.019662,0.009726,0.031072,0.017834,0.002678,0.014653,0.074684,0.001000
1.000000,-0.005041,0.032748,0.013057,0.016711,0.009409,0.030400,0.019023,0.003986,0.016498,0.071565,0.001000
1.000000,-0.020994,0.028417,0.014407,0.012878,0.008363,0.030236,0.019472,0.004049,0.018774,0.067477,0.001000
1.000000,-0.023790,-0.010857,0.015739,0.014708,0.006674,0.030284,0.019191,0.004077,0.018627,0.068041,0.001000
1.000000,0.036892,-0.003256,0.017995,0.016474,0.008776,0.031433,0.019112,-0.004055,0.015350,0.068663,0.001000
1.000000,-0.023477,-0.007282,0.014168,0.013789,0.008513,0.030194,0.020635,-0.002899,0.015209,0.066587,0.001000
1.000000,-0.000580,-0.006390,0.013179,0.011667,0.006462,0.031736,0.020707,-0.005749,0.016465,0.068613,0.001000
1.000000,-0.000580,-0.002307,0.013055,0.008758,0.010904,0.032069,0.019673,-0.006493,0.016294,0.066858,0.001000
1.000000,-0.010496,0.000352,-0.005252,0.006268,0.012973,0.032976,0.019059,-0.004934,0.019310,0.066434,0.001000
1.000000,-0.003523,-0.007731,-0.005493,0.006225,0.011749,0.033545,0.018766,-0.005450,0.019432,0.066298,0.001000
1.000000,0.033549,0.003674,-0.001804,0.006685,0.012507,0.036536,0.021980,-0.011272,0.020955,0.071358,0.001000
1.000000,-0.025931,-0.001396,-0.003893,0.004582,0.009843,0.021477,0.019738,0.006644,-0.012507,0.038091,0.001000
1.000000,0.048985,0.008517,0.003105,0.008756,0.009620,0.021591,0.019398,0.006556,-0.012035,0.038315,0.001000
1.000000,-0.016817,0.007253,0.003802,0.009770,0.011073,0.021958,0.021550,0.004528,-0.012920,0.036543,0.001000
1.000000,0.004512,0.008860,0.000564,0.009280,0.011171,0.022436,0.020827,0.006523,-0.010150,0.035028,0.001000
1.000000,0.003371,0.002824,0.003249,0.008708,0.010276,0.024755,0.021774,0.004618,-0.006407,0.032095,0.001000
1.000000,-0.026714,0.002667,0.000636,0.006908,0.007990,0.024579,0.021737,0.002793,-0.008950,0.033930,0.001000
1.000000,0.013730,-0.004383,0.002067,0.007561,0.006527,0.023946,0.022811,0.003752,-0.009075,0.032560,0.001000
1.000000,0.003403,-0.000339,0.003457,-0.000898,0.005331,0.024104,0.022143,0.003492,-0.009589,0.032424,0.001000
1.000000,-0.062502,-0.013742,-0.002441,-0.003967,0.003336,0.025119,0.022415,0.000352,-0.011530,0.035570,0.001000
1.000000,0.013174,-0.011782,-0.004479,-0.003141,0.002964,0.024623,0.024362,-0.001355,-0.013752,0.035705,0.001000
1.000000,-0.009564,-0.008352,-0.002842,-0.003367,0.002107,0.024729,0.024353,-0.000392,-0.012243,0.035564,0.001000
1.000000,0.105361,0.009974,0.002795,0.002950,0.006769,0.025919,0.022716,-0.000473,-0.015778,0.037148,0.001000
1.000000,-0.049872,-0.000681,-0.000510,0.001646,0.006344,0.027889,0.020635,-0.003865,-0.015247,0.042865,0.001000
1.000000,-0.031162,0.005587,-0.004078,-0.001757,0.004827,0.028081,0.020877,-0.003582,-0.013992,0.043191,0.001000
1.000000,-0.009423,0.001068,-0.005357,-0.001054,0.004020,0.027929,0.020082,-0.003092,-0.014375,0.043416,0.001000
1.000000,0.008250,0.004631,-0.001861,-0.000612,0.003985,0.028150,0.018565,-0.003880,-0.014277,0.043968,0.001000
1.000000,0.057028,-0.005036,0.002469,0.002268,0.005864,0.028264,0.017019,-0.007761,-0.019951,0.046594,0.001000
1.000000,-0.002220,0.004495,0.001907,0.002682,0.000037,0.029346,0.017165,-0.008490,-0.018195,0.047985,0.001000
1.000000,-0.002782,0.010171,0.007879,0.002719,-0.000019,0.031030,0.018296,-0.010549,-0.013113,0.049115,0.001000
1.000000,-0.105051,-0.008955,-0.003943,-0.004211,-0.003409,0.030441,0.018028,-0.009538,-0.013426,0.047685,0.001000
1.000000,0.032870,-0.004031,0.000300,-0.001271,-0.002145,0.030553,0.017601,-0.009972,-0.012847,0.049264,0.001000
1.000000,-0.064299,-0.028296,-0.016666,-0.006935,-0.003589,0.029710,0.018074,-0.010109,-0.013566,0.046012,0.001000
1.000000,0.017094,-0.024434,-0.009969,-0.005240,-0.002226,0.029835,0.018960,-0.012329,-0.014547,0.045322,0.001000
1.000000,0.000628,-0.023752,-0.006790,-0.005434,-0.003435,0.028998,0.016930,-0.010463,-0.016135,0.044970,0.001000
1.000000,-0.010722,-0.004886,-0.006920,-0.006139,-0.003009,0.029001,0.016822,-0.010429,-0.016104,0.044995,0.001000
1.000000,0.034282,-0.004603,-0.004317,-0.003089,-0.001847,0.028803,0.016759,-0.010938,-0.015332,0.046536,0.001000
1.000000,0.017011,0.011659,-0.008319,-0.002925,-0.001261,0.023559,0.021909,-0.016152,-0.014056,0.052106,0.001000
1.000000,0.048790,0.017998,-0.003218,-0.000655,0.000715,0.021413,0.019345,-0.019963,-0.012042,0.059745,0.001000
1.000000,0.013675,0.020607,-0.001572,0.003153,0.001288,0.018418,0.021070,-0.021411,-0.009629,0.064800,0.001000
1.000000,-0.006814,0.021389,0.008251,0.002154,-0.000057,0.019356,0.021412,-0.019607,-0.007513,0.060372,0.001000
1.000000,-0.003997,0.013733,0.004565,0.002432,0.000674,0.019293,0.021570,-0.019468,-0.007552,0.059929,0.001000
1.000000,-0.005737,0.009183,0.010421,-0.003123,-0.001150,0.019251,0.021246,-0.018129,-0.007603,0.058599,0.001000
1.000000,0.038933,0.007212,0.012605,0.001318,0.000708,0.019198,0.021719,-0.019619,-0.005838,0.054515,0.001000
1.000000,-0.012810,0.001915,0.011261,0.002235,0.000131,0.020193,0.021724,-0.019397,-0.007265,0.051769,0.001000
1.000000,0.012810,0.005840,0.013614,0.003347,0.000446,0.019939,0.020166,-0.020057,-0.007976,0.053320,0.001000
1.000000,-0.016741,0.003291,0.008512,0.002097,0.000778,0.021651,0.021759,-0.018352,-0.006114,0.052070,0.001000
1.000000,-0.032602,-0.002082,0.003551,-0.002384,-0.000766,0.021363,0.017132,-0.021043,-0.011481,0.053282,0.001000
1.000000,0.039333,-0.002002,0.002605,-0.000306,0.000431,0.021516,0.018132,-0.019882,-0.011498,0.053577,0.001000
1.000000,0.014429,0.003445,0.002680,0.000554,0.002996,0.020899,0.019320,-0.021514,-0.012041,0.055194,0.001000
1.000000,-0.030204,-0.005157,0.000341,0.004296,0.001550,0.018961,0.022016,-0.023550,-0.013370,0.055954,0.001000
1.000000,0.012416,0.000674,0.001983,0.003274,0.002282,0.019110,0.021476,-0.023483,-0.012564,0.056447,0.001000
1.000000,-0.037719,-0.000349,-0.001216,0.004603,-0.002487,0.019568,0.020517,-0.022858,-0.011677,0.055725,0.001000
1.000000,0.000000,-0.008216,-0.005109,0.003748,-0.000825,0.020075,0.019946,-0.022177,-0.010183,0.055837,0.001000
1.000000,-0.030753,-0.017252,-0.006903,0.002179,-0.000811,0.019897,0.021420,-0.021959,-0.010389,0.055337,0.001000
1.000000,-0.012693,-0.013750,-0.009454,0.002080,-0.000920,0.020310,0.021064,-0.021501,-0.010927,0.054556,0.001000
1.000000,0.021066,-0.012020,-0.005673,0.001420,-0.000493,0.019684,0.021050,-0.021662,-0.011076,0.055559,0.001000
1.000000,0.007713,-0.002933,-0.001641,0.000955,-0.002137,0.020226,0.019598,-0.021508,-0.013431,0.055528,0.001000
1.000000,0.047326,0.006532,-0.000842,0.000881,-0.000485,0.026392,0.008612,-0.014601,-0.007630,0.041429,0.001000
1.000000,0.002815,0.013245,-0.002003,0.000338,-0.000298,0.026855,0.007195,-0.014323,-0.007353,0.042501,0.001000
1.000000,-0.001125,0.015559,0.000904,0.000623,0.003166,0.027057,0.006683,-0.014512,-0.007409,0.042483,0.001000
1.000000,0.001687,0.011683,-0.000168,0.000907,0.002126,0.027757,0.006146,-0.015218,-0.006003,0.044087,0.001000
1.000000,-0.163180,-0.022496,-0.012715,-0.006965,-0.001170,0.026064,0.019415,-0.018924,-0.003893,0.046647,0.001000
1.000000,-0.057859,-0.043533,-0.018500,-0.011805,-0.003668,0.024714,0.025085,-0.020903,-0.004823,0.044056,0.001000
1.000000,-0.057694,-0.055634,-0.021195,-0.014049,-0.005612,0.024460,0.025934,-0.023320,-0.002852,0.046131,0.001000
1.000000,0.010340,-0.053341,-0.018891,-0.014172,-0.004910,0.024173,0.026531,-0.026634,-0.001547,0.049895,0.001000
1.000000,0.002202,-0.053238,-0.020778,-0.013225,-0.005979,0.024320,0.027100,-0.026288,0.000451,0.049419,0.001000
1.000000,-0.019993,-0.024601,-0.023548,-0.012595,-0.007213,0.023776,0.026791,-0.025983,-0.000749,0.049454,0.001000
1.000000,-0.015831,-0.016196,-0.029864,-0.015353,-0.009367,0.023764,0.026323,-0.026143,0.001698,0.050739,0.001000
1.000000,0.018073,-0.001042,-0.028338,-0.015171,-0.009220,0.023529,0.026237,-0.024545,0.001950,0.052155,0.001000
1.000000,0.054460,0.007782,-0.022780,-0.010938,-0.007178,0.021951,0.029691,-0.026378,0.002432,0.053576,0.001000
1.000000,0.014732,0.010288,-0.021475,-0.010822,-0.006554,0.018698,0.032013,-0.027290,0.002251,0.055113,0.001000
1.000000,0.017944,0.017875,-0.003363,-0.008039,-0.005764,0.018648,0.031840,-0.026474,0.002057,0.053811,0.001000
1.000000,0.080148,0.037071,0.010438,-0.004031,-0.004390,0.018910,0.027770,-0.028365,0.002079,0.054143,0.001000
1.000000,0.050472,0.043551,0.021255,0.000030,-0.002281,0.017884,0.032488,-0.022943,0.002749,0.049935,0.001000
1.000000,0.019614,0.036582,0.022182,0.001645,-0.002054,0.019818,0.025586,-0.022459,-0.000080,0.052325,0.001000
1.000000,0.044887,0.042613,0.026450,0.002836,0.000000,0.019822,0.026570,-0.019572,0.000651,0.050513,0.001000
1.000000,-0.017027,0.035619,0.026747,0.001599,0.000519,0.019026,0.027744,-0.019216,0.002226,0.051225,0.001000
1.000000,-0.060768,0.007436,0.022254,-0.003805,-0.002817,0.018926,0.026168,-0.015585,-0.004605,0.047166,0.001000
1.000000,-0.026504,-0.007959,0.017796,-0.005271,-0.004182,0.018341,0.025752,-0.014907,-0.003820,0.047917,0.001000
1.000000,0.009326,-0.010017,0.013282,-0.004749,-0.002864,0.018399,0.025721,-0.014934,-0.003722,0.047819,0.001000
1.000000,0.022638,-0.014467,0.014073,-0.003701,-0.002524,0.018437,0.025683,-0.014979,-0.003717,0.047902,0.001000
1.000000,0.072335,0.003405,0.019512,0.008075,0.001145,0.017304,0.028674,-0.015737,0.002226,0.050394,0.001000
1.000000,0.012304,0.018020,0.012728,0.011583,0.001555,0.017301,0.028489,-0.014020,0.001473,0.047029,0.001000
1.000000,-0.001669,0.022987,0.007514,0.014384,0.002525,0.017228,0.028631,-0.014273,0.001380,0.047519,0.001000
1.000000,-0.016279,0.017866,0.003924,0.013053,0.002405,0.017459,0.027446,-0.013080,0.003352,0.045324,0.001000
1.000000,-0.068508,-0.000363,-0.007415,0.009518,-0.000581,0.016646,0.028600,-0.014726,0.002364,0.049156,0.001000
1.000000,0.061124,-0.002606,0.000400,0.013574,0.001200,0.017040,0.028193,-0.010308,0.005506,0.048437,0.001000
1.000000,0.012465,-0.002573,0.007723,0.014988,0.000038,0.017431,0.027579,-0.007238,0.006757,0.046823,0.001000
1.000000,-0.047862,-0.011812,0.005587,0.011692,-0.001652,0.017825,0.027301,-0.004415,0.006841,0.044032,0.001000
1.000000,0.044477,0.000339,0.009103,0.011193,-0.000132,0.015547,0.027955,-0.002648,0.004098,0.039749,0.001000
1.000000,0.021795,0.018400,0.009018,0.011546,0.000539,0.013950,0.028822,-0.001956,0.003954,0.039464,0.001000
1.000000,0.010995,0.008374,0.002884,0.011198,0.006345,0.014428,0.028439,-0.001470,0.004973,0.038989,0.001000
1.000000,0.005453,0.006972,0.002199,0.007463,0.008455,0.015375,0.027165,-0.000629,0.006309,0.041180,0.001000
1.000000,0.029469,0.022438,0.005313,0.006413,0.011360,0.016860,0.025867,-0.000293,0.005754,0.039839,0.001000
1.000000,-0.079075,-0.002273,-0.000967,0.001479,0.008380,0.016970,0.027555,0.000612,0.006221,0.039345,0.001000
1.000000,-0.029576,-0.012547,0.002926,-0.002244,0.007321,0.016737,0.027567,0.001370,0.006093,0.038478,0.001000
1.000000,-0.013630,-0.017472,-0.004549,-0.002075,0.007533,0.015979,0.028351,0.003321,0.009729,0.037142,0.001000
1.000000,0.004762,-0.017610,-0.005319,0.001202,0.008219,0.015020,0.028361,0.003945,0.009560,0.035773,0.001000
1.000000,-0.032592,-0.030022,-0.003792,0.000898,0.006530,0.015771,0.028774,0.004138,0.010769,0.036374,0.001000
1.000000,0.004896,-0.013228,-0.007750,0.000676,0.004878,0.016726,0.028382,0.003846,0.010283,0.038064,0.001000
1.000000,0.053489,0.003385,-0.004581,0.002219,0.006170,0.018646,0.028431,0.006812,0.012040,0.035822,0.001000
1.000000,0.006920,0.007495,-0.004988,-0.001052,0.005803,0.018001,0.028405,0.007186,0.012447,0.036101,0.001000
1.000000,-0.041660,-0.001789,-0.009700,-0.003750,0.001742,0.018230,0.028580,0.006855,0.012480,0.037288,0.001000
1.000000,-0.015701,0.001589,-0.014217,-0.004452,-0.000463,0.018064,0.028430,0.007256,0.013387,0.038025,0.001000
1.000000,0.014502,0.003510,-0.004859,-0.002913,-0.000634,0.018512,0.028475,0.007182,0.013488,0.038192,0.001000
1.000000,-0.030453,-0.013278,-0.004947,-0.001010,-0.003145,0.018038,0.028600,0.006745,0.013461,0.038608,0.001000
1.000000,-0.000619,-0.014786,-0.003646,-0.004097,-0.002598,0.017716,0.028725,0.006749,0.013405,0.038210,0.001000
1.000000,-0.014335,-0.009321,-0.005555,-0.005437,-0.001050,0.017346,0.028765,0.006604,0.013601,0.037983,0.001000
1.000000,0.022961,-0.001589,-0.000000,-0.001896,0.000598,0.017823,0.028544,0.006421,0.012643,0.037742,0.002000
1.000000,0.060697,0.007650,0.005580,-0.001085,0.002311,0.018690,0.030009,0.004070,0.012900,0.040914,0.002000
1.000000,-0.040654,0.005610,-0.003834,-0.004208,0.000201,0.018582,0.029670,0.003209,0.013123,0.042103,0.002000
1.000000,-0.033632,-0.000993,-0.007889,-0.006439,-0.003331,0.018811,0.029311,0.003317,0.012412,0.041326,0.002000
1.000000,0.004344,0.002743,-0.003289,-0.006494,-0.003597,0.017321,0.029525,0.000665,0.011565,0.040733,0.002000
1.000000,0.022046,0.002560,0.000486,-0.006865,-0.002806,0.017538,0.029395,0.001068,0.011262,0.040297,0.002000
1.000000,-0.020190,-0.013617,-0.002983,-0.003921,-0.002936,0.017002,0.029790,0.000476,0.010719,0.039992,0.002000
1.000000,0.011674,-0.003152,0.001229,-0.001859,-0.000264,0.016700,0.029091,-0.002149,0.009583,0.040550,0.002000
1.000000,0.002441,0.004063,0.001535,-0.001055,-0.002220,0.016015,0.029831,-0.003465,0.011779,0.044252,0.002000
1.000000,0.009099,0.005014,0.003879,-0.000838,-0.002332,0.015470,0.030110,-0.006832,0.013949,0.048620,0.002000
1.000000,0.030918,0.006788,0.004674,0.002337,0.000294,0.016037,0.030035,-0.005824,0.014527,0.047329,0.002000
1.000000,-0.022499,0.006327,-0.003645,0.000967,-0.001939,0.015882,0.029924,-0.005526,0.014139,0.047081,0.002000
1.000000,0.021328,0.008257,0.002553,-0.000641,-0.001954,0.015770,0.029964,-0.005675,0.013881,0.047765,0.002000
1.000000,-0.004112,0.006947,0.005505,-0.001192,-0.002458,0.012015,0.027157,-0.002073,0.010339,0.040413,0.002000
1.000000,0.271064,0.059340,0.032177,0.014444,0.006396,0.018741,0.028666,-0.001205,0.015065,0.055443,0.002000
1.000000,-0.018116,0.049533,0.028161,0.014323,0.004810,0.017429,0.028127,-0.001015,0.015034,0.055930,0.002000
1.000000,-0.017520,0.050529,0.028428,0.012722,0.006862,0.017390,0.027709,-0.000299,0.014533,0.054639,0.002000
1.000000,0.015232,0.049310,0.028783,0.015006,0.008355,0.017254,0.027935,-0.001681,0.014363,0.056670,0.002000
1.000000,-0.016629,0.046806,0.026877,0.014206,0.008255,0.017744,0.028154,-0.002484,0.016636,0.058448,0.002000
1.000000,0.012037,-0.004999,0.027170,0.015524,0.008498,0.017264,0.028448,-0.002739,0.017221,0.058820,0.002000
1.000000,-0.005075,-0.002391,0.023571,0.014123,0.009415,0.016950,0.028337,-0.002525,0.017952,0.059947,0.002000
1.000000,-0.000925,0.000928,0.025728,0.011042,0.009221,0.018154,0.026539,-0.000509,0.017972,0.058161,0.002000
1.000000,0.002312,-0.001656,0.023827,0.013190,0.007515,0.018940,0.026122,-0.001261,0.019199,0.057905,0.002000
1.000000,-0.020533,-0.002437,0.022185,0.013845,0.006600,0.018857,0.025878,-0.001303,0.019030,0.057739,0.002000
1.000000,-0.030153,-0.010875,-0.007937,0.012120,0.006984,0.020628,0.027802,-0.002295,0.018095,0.061121,0.002000
1.000000,-0.008785,-0.011617,-0.007004,0.010578,0.007214,0.020262,0.028157,-0.001055,0.017843,0.060058,0.002000
1.000000,0.034212,-0.004589,-0.001831,0.013299,0.007871,0.017412,0.034484,-0.002154,0.019052,0.059830,0.002000
1.000000,-0.003797,-0.005811,-0.003734,0.012525,0.008760,0.016865,0.033779,-0.001155,0.018181,0.057943,0.002000
1.000000,0.035960,0.005487,0.001525,0.014201,0.009979,0.019892,0.031112,-0.000385,0.016539,0.056901,0.002000
1.000000,-0.011998,0.009118,-0.000878,0.013146,0.010057,0.018130,0.035628,-0.004885,0.026350,0.064622,0.002000
1.000000,-0.015910,0.007693,-0.001962,0.010805,0.008761,0.017386,0.035077,-0.002370,0.024661,0.060110,0.002000
1.000000,-0.029196,-0.004988,-0.004789,0.010470,0.005765,0.017035,0.035670,-0.002573,0.024280,0.060763,0.002000
1.000000,-0.022098,-0.008648,-0.007230,0.008299,0.006383,0.017275,0.035561,-0.002685,0.024463,0.061332,0.002000
1.000000,0.022098,-0.011421,-0.002967,0.009609,0.008241,0.016104,0.034742,-0.001422,0.020551,0.056767,0.002000
1.000000,-0.043172,-0.017656,-0.004269,-0.006103,0.006657,0.015997,0.035631,-0.002599,0.019526,0.058745,0.002000
1.000000,-0.022565,-0.018987,-0.005647,-0.006325,0.005170,0.016184,0.033242,-0.000061,0.015602,0.052495,0.002000
1.000000,-0.001038,-0.013355,-0.009172,-0.005501,0.005808,0.017729,0.033542,-0.001871,0.013808,0.054504,0.002000
1.000000,0.019029,-0.005130,-0.006889,-0.005311,0.006054,0.018333,0.032448,0.000078,0.015189,0.050349,0.002000
1.000000,-0.021628,-0.013875,-0.012648,-0.005561,0.005251,0.016360,0.028812,0.001822,0.008946,0.055023,0.002000
1.000000,0.037297,0.002219,-0.007718,-0.004298,0.006191,0.011701,0.029778,0.005071,0.012081,0.053563,0.001000
1.000000,-0.049342,-0.003136,-0.011062,-0.006512,0.003516,0.010523,0.029997,0.002910,0.009379,0.059820,0.001000
1.000000,0.004206,-0.002088,-0.007721,-0.006255,0.004406,0.010207,0.029311,0.003008,0.009276,0.060701,0.001000
1.000000,-0.023893,-0.010672,-0.007901,-0.007565,0.002899,0.010964,0.029452,0.002933,0.009782,0.059725,0.001000
1.000000,-0.049005,-0.016147,-0.015011,-0.008989,0.001402,0.012499,0.029255,0.002296,0.010732,0.060734,0.001000
1.000000,0.001692,-0.023268,-0.010525,-0.007397,-0.007577,0.013413,0.033295,0.004398,0.014584,0.046885,0.001000
1.000000,-0.024524,-0.018305,-0.010721,-0.008184,-0.007790,0.011014,0.034758,0.003524,0.013393,0.048368,0.001000
1.000000,0.002883,-0.018569,-0.010329,-0.009750,-0.007110,0.009738,0.031611,0.004064,0.012016,0.052035,0.001000
1.000000,0.005168,-0.012757,-0.011715,-0.009302,-0.007446,0.012387,0.029875,0.003924,0.012959,0.050252,0.001000
1.000000,-0.002294,-0.003415,-0.009781,-0.011215,-0.006968,0.014088,0.029172,0.003163,0.012819,0.052471,0.001000
1.000000,0.018767,0.000000,-0.011634,-0.009676,-0.006744,0.012962,0.029096,0.008166,0.013789,0.044020,0.001000
1.000000,0.021183,0.009141,-0.004582,-0.007822,-0.005868,0.009432,0.031238,0.008079,0.010866,0.044056,0.001000
1.000000,-0.006086,0.007348,-0.005611,-0.006666,-0.006040,0.011635,0.029540,0.009128,0.011721,0.042317,0.001000
1.000000,-0.025859,0.001142,-0.005808,-0.006854,-0.006979,0.012194,0.028859,0.008678,0.011333,0.041625,0.001000
1.000000,-0.027715,-0.003942,-0.003679,-0.009345,-0.007219,0.011309,0.028755,0.008036,0.011626,0.043612,0.001000
1.000000,0.017412,-0.004213,-0.002107,-0.006316,-0.005633,0.011999,0.026733,0.007750,0.010469,0.044080,0.001000
1.000000,-0.004614,-0.009372,-0.000116,-0.005418,-0.005494,0.015219,0.024589,0.004251,0.008226,0.041516,0.001000
1.000000,-0.001736,-0.008502,-0.000577,-0.005453,-0.006693,0.014961,0.024825,0.004282,0.007773,0.041001,0.001000
1.000000,-0.014582,-0.006247,-0.002552,-0.007133,-0.007052,0.014290,0.024397,0.005465,0.008480,0.041568,0.001000
1.000000,0.030665,0.005429,0.000743,-0.004519,-0.007229,0.013998,0.024756,0.005149,0.008663,0.041701,0.001000
1.000000,0.001708,0.002288,-0.000962,-0.006298,-0.006772,0.013053,0.024749,0.006026,0.008755,0.041308,0.001000
1.000000,0.020828,0.007377,-0.000998,-0.002790,-0.005547,0.013037,0.024802,0.006295,0.008870,0.041068,0.001000
1.000000,0.000557,0.007835,-0.000334,-0.002972,-0.004555,0.013539,0.022335,0.007960,0.010677,0.040232,0.001000
1.000000,-0.024804,0.005791,-0.000228,-0.003018,-0.004645,0.013619,0.021378,0.007337,0.009262,0.040889,0.003000
1.000000,0.029803,0.005618,0.005524,0.000923,-0.004389,0.013860,0.020197,0.007473,0.007758,0.041508,0.003000
1.000000,-0.030374,-0.000798,0.000745,-0.000681,-0.003962,0.013190,0.020768,0.010133,0.008323,0.044766,0.003000
1.000000,0.013050,-0.002354,0.002512,0.001198,-0.002775,0.014667,0.019741,0.009581,0.008780,0.041608,0.003000
1.000000,0.026149,0.002765,0.005300,0.002361,-0.001869,0.014017,0.019514,0.012389,0.010617,0.044332,0.003000
1.000000,0.001098,0.007945,0.006868,0.002158,-0.002466,0.014196,0.020832,0.015903,0.012533,0.039979,0.003000
1.000000,0.015243,0.005033,0.005326,0.003035,-0.001237,0.015966,0.019182,0.014724,0.010786,0.038812,0.003000
1.000000,-0.039675,0.003173,0.001187,0.000113,-0.003803,0.015962,0.019881,0.015625,0.008943,0.034105,0.003000
1.000000,-0.037222,-0.006881,-0.004618,-0.002808,-0.003399,0.015823,0.019625,0.014830,0.008787,0.035031,0.003000
1.000000,-0.011737,-0.014459,-0.005847,-0.003090,-0.003930,0.011406,0.019873,0.014563,0.005666,0.038700,0.003000
1.000000,-0.001181,-0.014914,-0.003485,-0.001856,-0.003173,0.011913,0.019222,0.014205,0.004537,0.038239,0.003000
1.000000,-0.005928,-0.019148,-0.007058,-0.000767,-0.001738,0.012291,0.020111,0.014395,0.005294,0.035679,0.003000
1.000000,0.017094,-0.007795,-0.002311,-0.000783,-0.001224,0.012644,0.013983,0.002195,0.002504,0.020320,0.003000
1.000000,-0.000585,-0.000467,-0.003674,-0.000581,-0.000426,0.014455,0.013570,0.003221,0.002681,0.018030,0.003000
1.000000,0.056833,0.013247,-0.000606,0.002347,0.001372,0.018118,0.012220,0.003957,0.004190,0.017466,0.003000
1.000000,0.094305,0.032344,0.008715,0.007791,0.004343,0.020324,0.011780,0.001601,-0.000401,0.021715,0.003000
1.000000,-0.048413,0.023847,0.002349,0.003837,0.002806,0.024002,0.008048,-0.002055,-0.004841,0.021718,0.003000
1.000000,-0.020795,0.016269,0.004237,0.002712,0.001487,0.024196,0.007236,-0.000798,-0.003417,0.022620,0.003000
1.000000,-0.011379,0.014110,0.006821,0.001102,0.000402,0.024254,0.006921,-0.001245,-0.003756,0.022938,0.003000
1.000000,0.003807,0.003505,0.008376,0.001264,0.000732,0.024292,0.007101,-0.001163,-0.004309,0.021840,0.003000
1.000000,-0.014216,-0.018199,0.007073,0.001794,0.001120,0.024235,0.007374,0.000114,-0.006488,0.022562,0.003000
1.000000,-0.068954,-0.022307,0.000770,-0.003144,-0.000255,0.026452,0.009326,-0.002232,-0.004477,0.019587,0.003000
1.000000,-0.019661,-0.022080,-0.002906,-0.002608,-0.001490,0.027195,0.008875,-0.002807,-0.003333,0.019714,0.003000
1.000000,0.017890,-0.016227,-0.001058,-0.002366,-0.000740,0.027270,0.008899,-0.002693,-0.002908,0.018917,0.003000
1.000000,-0.020903,-0.021169,-0.008832,-0.004719,-0.001379,0.027280,0.008767,-0.003231,-0.002829,0.018687,0.003000
1.000000,-0.028154,-0.023956,-0.021078,-0.006181,-0.001832,0.027147,0.008178,-0.001790,-0.003522,0.019484,0.003000
1.000000,-0.001242,-0.010414,-0.016361,-0.007006,-0.002895,0.025906,0.009335,-0.002470,-0.003233,0.018577,0.003000
1.000000,-0.031568,-0.012795,-0.017438,-0.006600,-0.004004,0.027016,0.009068,-0.001820,-0.003095,0.017554,0.003000
1.000000,-0.016818,-0.019737,-0.017982,-0.005580,-0.005259,0.029388,0.008619,-0.003312,-0.001441,0.017921,0.003000
1.000000,0.008444,-0.013868,-0.017518,-0.004571,-0.004996,0.029124,0.008560,-0.002838,-0.000525,0.017593,0.003000
1.000000,0.004518,-0.007333,-0.015645,-0.004286,-0.004019,0.029681,0.008510,-0.003584,-0.001511,0.016576,0.003000
1.000000,-0.028741,-0.012833,-0.011624,-0.005427,-0.005970,0.024027,0.009432,-0.003200,-0.001731,0.020132,0.003000
1.000000,-0.013342,-0.009188,-0.010992,-0.006949,-0.005403,0.024206,0.008890,-0.001214,0.001969,0.019603,0.003000
1.000000,0.056785,0.005533,-0.007102,-0.004080,-0.003945,0.026408,0.006946,-0.001492,0.003119,0.023192,0.003000
1.000000,0.003168,0.004477,-0.004695,-0.006763,-0.004711,0.026016,0.006988,-0.001144,0.002936,0.023283,0.003000
1.000000,0.042111,0.011996,0.002331,-0.009373,-0.003344,0.025384,0.005505,0.003219,0.002930,0.022045,0.003000
1.000000,-0.020834,0.013578,0.000372,-0.007994,-0.004546,0.024389,0.006295,0.003628,0.002328,0.022502,0.003000
1.000000,-0.004344,0.015377,0.003095,-0.007172,-0.003369,0.025980,0.005679,0.003650,0.002415,0.023008,0.003000
1.000000,-0.009372,0.002146,0.003839,-0.007071,-0.002440,0.025794,0.005707,0.002745,0.003073,0.022567,0.003000
1.000000,-0.003144,0.000884,0.002680,-0.007419,-0.002154,0.026023,0.005703,0.002331,0.004034,0.022986,0.003000
1.000000,-0.028747,-0.013288,-0.000646,-0.008145,-0.003073,0.025236,0.005301,0.003822,0.002520,0.022232,0.003000
1.000000,0.030634,-0.002994,0.005292,-0.003166,-0.001854,0.024262,0.004868,0.005303,0.002064,0.020772,0.003000
1.000000,-0.004409,-0.003008,0.006185,-0.002403,-0.002571,0.023843,0.004813,0.006150,0.000203,0.023120,0.003000
1.000000,0.033523,0.005571,0.003859,-0.001622,-0.001434,0.023147,0.002265,0.006712,-0.005878,0.022717,0.003000
1.000000,0.012136,0.008627,0.004755,0.000030,-0.002924,0.022757,0.002395,0.006612,-0.006741,0.023055,0.003000
1.000000,-0.015806,0.011216,-0.001036,0.000648,-0.006594,0.022760,0.002377,0.006573,-0.006775,0.023111,0.003000
1.000000,0.037286,0.012546,0.004776,0.002574,-0.003738,0.021453,0.003633,0.007509,-0.010699,0.022257,0.003000
1.000000,-0.000590,0.013310,0.005151,0.004123,-0.003064,0.024926,0.004723,-0.001489,-0.012090,0.024218,0.003000
1.000000,0.023929,0.011391,0.008481,0.006160,-0.001887,0.026623,0.003720,-0.003233,-0.010291,0.028439,0.003000
1.000000,0.010327,0.011029,0.009828,0.006254,-0.001670,0.026299,0.004149,-0.003307,-0.009797,0.028612,0.003000
1.000000,-0.016111,0.010968,0.011092,0.005223,-0.001733,0.025990,0.004045,-0.004537,-0.011295,0.029130,0.003000
1.000000,-0.058524,-0.008194,0.002176,0.003734,-0.001385,0.028319,0.005428,-0.004670,-0.013639,0.027937,0.003000
1.000000,0.001229,-0.007830,0.002740,0.004462,-0.000689,0.027501,0.006180,-0.003524,-0.013382,0.027012,0.003000
1.000000,-0.000614,-0.012739,-0.000674,0.001592,-0.001306,0.024951,0.007089,-0.001120,-0.012919,0.025374,0.003000
1.000000,-0.008642,-0.016532,-0.002752,0.001002,-0.000897,0.024034,0.006918,-0.001327,-0.013943,0.025275,0.003000
1.000000,-0.012477,-0.015806,-0.002419,-0.001728,-0.000375,0.023494,0.007683,-0.002595,-0.016267,0.023994,0.003000
1.000000,0.037578,0.003415,-0.002390,0.001193,0.000919,0.021794,0.010155,-0.004585,-0.017943,0.024874,0.003000
1.000000,0.016787,0.006526,-0.000652,0.002250,0.002531,0.021845,0.009986,-0.004423,-0.018022,0.024867,0.003000
1.000000,-0.010759,0.004497,-0.004121,0.002180,0.002733,0.022055,0.009904,-0.007201,-0.018294,0.027495,0.003000
1.000000,-0.024948,0.001236,-0.007648,0.001090,0.001620,0.021707,0.010073,-0.006928,-0.018099,0.027408,0.003000
1.000000,0.035707,0.010873,-0.002466,0.004313,0.002660,0.022242,0.009311,-0.006532,-0.018752,0.026970,0.003000
1.000000,0.019430,0.007243,0.005329,0.003753,0.004266,0.019069,0.010810,-0.003955,-0.020614,0.024222,0.003000
1.000000,-0.008197,0.002247,0.004386,0.003563,0.004437,0.018806,0.010778,-0.003310,-0.021318,0.022950,0.003000
1.000000,0.028399,0.010078,0.007288,0.003307,0.003491,0.018696,0.011420,-0.003568,-0.020864,0.023275,0.004000
1.000000,0.007401,0.016548,0.008892,0.003070,0.003632,0.020337,0.008392,-0.002080,-0.021167,0.020524,0.004000
1.000000,-0.023530,0.004701,0.007787,0.002684,0.001444,0.020041,0.008530,-0.002252,-0.020602,0.021152,0.004000
1.000000,-0.016984,-0.002582,0.002331,-0.000030,0.001572,0.019933,0.006644,-0.001961,-0.022560,0.021269,0.004000
1.000000,0.009406,0.000938,0.001592,0.000470,0.002031,0.020137,0.004647,-0.001445,-0.024036,0.020067,0.004000
1.000000,0.031108,0.001480,0.005779,0.000829,0.003380,0.018637,0.005728,-0.003101,-0.025575,0.021164,0.004000
1.000000,0.009035,0.001807,0.009178,0.000765,0.003786,0.020322,0.005171,-0.002203,-0.024912,0.020392,0.004000
1.000000,-0.002251,0.006063,0.005382,0.001458,0.004669,0.020490,0.004709,-0.002076,-0.025706,0.019752,0.004000
1.000000,-0.011902,0.007079,0.002249,0.003789,0.003251,0.021047,0.002600,-0.001759,-0.028556,0.020765,0.004000
1.000000,0.021991,0.009596,0.005267,0.004827,0.004131,0.020238,0.003447,-0.002241,-0.027668,0.021735,0.004000
1.000000,-0.020852,-0.000796,0.000342,0.003815,0.002319,0.020811,0.003164,-0.002549,-0.028461,0.022882,0.004000
1.000000,0.014698,0.000337,0.001072,0.004982,0.002404,0.017304,0.004452,-0.003684,-0.029229,0.022494,0.004000
1.000000,0.006154,0.002018,0.004040,0.005914,0.003136,0.014792,0.004349,-0.001099,-0.025980,0.017092,0.004000
1.000000,-0.035191,-0.002640,0.002220,0.002275,0.000720,0.012121,0.012404,-0.001639,-0.019211,0.018357,0.004000
1.000000,-0.009869,-0.009012,0.000292,0.000942,0.000411,0.012301,0.012345,-0.001911,-0.018560,0.018835,0.004000
1.000000,0.108797,0.016918,0.008061,0.006920,0.003240,0.014134,0.014665,-0.000100,-0.016715,0.022996,0.004000
1.000000,-0.019551,0.010068,0.005202,0.007190,0.002244,0.014046,0.015534,0.000701,-0.015400,0.022288,0.004000
1.000000,0.021642,0.013165,0.007592,0.006487,0.003502,0.015051,0.013235,0.001274,-0.014447,0.023609,0.004000
1.000000,-0.011555,0.017893,0.007626,0.004937,0.005068,0.016431,0.008372,0.002722,-0.015978,0.023042,0.004000
1.000000,0.000528,0.019972,0.005480,0.005374,0.005045,0.016428,0.008403,0.002512,-0.016200,0.023489,0.004000
1.000000,-0.030013,-0.007790,0.004564,0.002453,0.004065,0.016386,0.008631,0.000719,-0.017298,0.027036,0.004000
1.000000,0.004885,-0.002902,0.003583,0.002327,0.004516,0.017930,0.004444,0.002691,-0.018320,0.024978,0.004000
1.000000,-0.001083,-0.007448,0.002859,0.003450,0.004895,0.016874,0.006213,0.002098,-0.015655,0.024543,0.004000
1.000000,0.005405,-0.004056,0.006919,0.004569,0.003823,0.016934,0.006220,0.001099,-0.016790,0.026459,0.004000
1.000000,0.021862,0.000211,0.010092,0.005192,0.003992,0.016718,0.005218,0.000377,-0.017650,0.026345,0.004000
1.000000,-0.019708,0.002272,-0.002759,0.002651,0.003694,0.017157,0.005082,-0.000457,-0.016844,0.027523,0.004000
1.000000,-0.009187,-0.000542,-0.001722,0.001740,0.004219,0.017395,0.005373,-0.000346,-0.017395,0.027343,0.004000
1.000000,-0.021400,-0.004605,-0.006027,0.000783,0.002316,0.016829,0.005714,-0.000368,-0.017056,0.027329,0.004000
1.000000,-0.007795,-0.007246,-0.005651,0.000988,0.001408,0.018731,0.004709,0.001238,-0.018880,0.025308,0.004000
1.000000,0.010564,-0.009505,-0.004647,0.000417,0.002033,0.018852,0.004305,0.001439,-0.020579,0.024098,0.004000
1.000000,-0.001661,-0.005896,-0.001812,0.001376,0.001031,0.016163,0.006545,0.002105,-0.020722,0.019794,0.004000
1.000000,0.023543,0.000650,0.000054,0.001818,0.001570,0.016572,0.006858,0.001437,-0.018317,0.020707,0.004000
1.000000,-0.020225,0.000885,-0.001860,0.000499,0.001680,0.015701,0.007861,0.000051,-0.016542,0.021767,0.004000
1.000000,0.025083,0.007461,0.000108,0.003513,0.003082,0.015608,0.007891,0.000166,-0.017342,0.021020,0.004000
1.000000,-0.001617,0.005025,-0.002240,0.003926,0.002715,0.015242,0.007926,0.000116,-0.018670,0.021600,0.004000
1.000000,0.092659,0.023889,0.008997,0.003119,0.004766,0.021365,0.003902,-0.001520,-0.020120,0.027752,0.004000
1.000000,0.009785,0.021137,0.010894,0.004586,0.004791,0.021402,0.004012,-0.001191,-0.022175,0.026914,0.004000
1.000000,0.011135,0.027409,0.014147,0.004060,0.005237,0.021351,0.004367,-0.002100,-0.019009,0.028094,0.004000
1.000000,-0.013085,0.019776,0.013618,0.003984,0.005198,0.021065,0.004172,-0.002561,-0.020776,0.027455,0.004000
1.000000,-0.025193,0.015060,0.010043,0.002698,0.003625,0.021712,0.002289,-0.000998,-0.023227,0.026042,0.004000
1.000000,0.020303,0.000589,0.012239,0.005214,0.004997,0.021467,0.004518,-0.001299,-0.020863,0.025938,0.004000
1.000000,0.020379,0.002708,0.011922,0.005988,0.005186,0.021881,0.004562,-0.001323,-0.020875,0.025551,0.004000
1.000000,0.000480,0.000577,0.013993,0.006066,0.004997,0.021132,0.003912,-0.000608,-0.020413,0.025001,0.004000
1.000000,0.035836,0.010361,0.015068,0.007588,0.007365,0.021851,0.002231,-0.001962,-0.017847,0.028540,0.005000
1.000000,-0.029137,0.009572,0.012316,0.005038,0.006723,0.024468,0.001615,0.005637,-0.017818,0.024637,0.005000
1.000000,0.003808,0.006273,0.003431,0.006214,0.003223,0.023747,0.002960,0.005771,-0.016369,0.022547,0.005000
1.000000,0.004739,0.003145,0.002927,0.006910,0.004033,0.023987,0.002799,0.005445,-0.016904,0.022943,0.005000
1.000000,-0.030727,-0.003096,-0.001260,0.006444,0.002287,0.024652,0.001385,0.004396,-0.019410,0.024885,0.005000
1.000000,0.077376,0.005212,0.007786,0.010702,0.005251,0.027009,-0.001806,0.006592,-0.021842,0.023147,0.005000
1.000000,0.006746,0.012388,0.010980,0.010511,0.005459,0.026768,-0.003424,0.005582,-0.025369,0.024014,0.005000
1.000000,0.010257,0.013678,0.009976,0.011107,0.006801,0.028122,-0.004125,0.004340,-0.024984,0.025352,0.005000
1.000000,-0.007124,0.011306,0.007225,0.009574,0.006401,0.028746,-0.003056,0.005058,-0.021793,0.024418,0.005000
1.000000,0.038567,0.025165,0.011034,0.012514,0.007722,0.030211,-0.001955,0.006739,-0.013780,0.029408,0.005000
1.000000,-0.019975,0.005694,0.005453,0.010261,0.006876,0.031512,-0.005675,0.008078,-0.007332,0.030294,0.005000
1.000000,-0.010139,0.002317,0.007353,0.009835,0.005810,0.031285,-0.005900,0.007968,-0.007061,0.030117,0.005000
1.000000,0.006624,0.001591,0.007635,0.005533,0.006687,0.031431,-0.005819,0.008800,-0.004225,0.030197,0.005000
1.000000,0.000880,0.003192,0.007249,0.005088,0.007023,0.030281,-0.005602,0.011481,0.000387,0.030852,0.005000
1.000000,0.007011,-0.003120,0.011022,0.004881,0.007970,0.029930,-0.007000,0.011279,-0.001178,0.030709,0.005000
1.000000,0.011290,0.003133,0.004414,0.006100,0.008606,0.031446,-0.007517,0.009175,-0.000975,0.030780,0.005000
1.000000,-0.001296,0.004902,0.003610,0.007295,0.008211,0.032218,-0.008334,0.008355,0.001488,0.033905,0.005000
1.000000,0.014166,0.006410,0.004001,0.006988,0.008738,0.031836,-0.005498,0.009625,-0.000729,0.031744,0.005000
1.000000,0.005526,0.007339,0.005266,0.006245,0.008138,0.031649,-0.003927,0.010125,-0.000309,0.034721,0.005000
1.000000,0.013056,0.008548,0.002714,0.006874,0.009247,0.032155,-0.004109,0.009839,-0.001095,0.034167,0.005000
1.000000,0.033330,0.012956,0.008045,0.006749,0.009522,0.032814,-0.002467,0.009252,-0.000289,0.032490,0.004000
1.000000,0.014464,0.016108,0.010505,0.008929,0.010058,0.032846,-0.002261,0.009258,-0.000116,0.032338,0.004000
1.000000,0.003584,0.013992,0.010201,0.008918,0.007089,0.033230,-0.003166,0.011447,0.002664,0.031107,0.004000
1.000000,0.001192,0.013125,0.010232,0.008740,0.006802,0.032808,-0.002055,0.010446,0.004444,0.031974,0.004000
1.000000,-0.020859,0.006342,0.007445,0.009234,0.005736,0.033318,-0.002588,0.011153,0.004671,0.033517,0.004000
1.000000,-0.030037,-0.006331,0.003312,0.003863,0.005171,0.035191,-0.003181,0.009435,0.005660,0.036139,0.004000
1.000000,0.002920,-0.008640,0.003734,0.003672,0.006108,0.035159,-0.003548,0.008859,0.003908,0.035979,0.004000
1.000000,0.010771,-0.007203,0.003394,0.003697,0.005790,0.035210,-0.004005,0.008581,0.003222,0.035156,0.004000
1.000000,0.001647,-0.007112,0.003006,0.004136,0.005166,0.035797,-0.003695,0.007966,0.003087,0.036296,0.004000
1.000000,0.021970,0.001454,0.003898,0.003306,0.005882,0.036309,-0.004515,0.008115,0.003646,0.037898,0.004000
1.000000,0.004016,0.008265,0.000967,0.004506,0.004821,0.035859,-0.004952,0.007609,0.002757,0.036081,0.004000
1.000000,-0.019017,0.003877,-0.002382,0.004062,0.005159,0.035869,-0.004740,0.007892,0.001500,0.036878,0.004000
1.000000,-0.000817,0.001560,-0.002822,0.003690,0.005005,0.032582,-0.004989,0.003078,-0.002005,0.023761,0.004000
1.000000,-0.016488,-0.002067,-0.004590,0.002821,0.004297,0.032481,-0.005271,0.000480,-0.005146,0.023675,0.004000
1.000000,0.023008,-0.001860,-0.000203,0.003621,0.006088,0.032107,-0.003874,-0.000272,-0.006884,0.021170,0.004000
1.000000,-0.028844,-0.008432,-0.000084,0.001614,0.002548,0.032371,-0.004160,-0.000326,-0.007815,0.023173,0.004000
1.000000,0.032898,0.001951,0.002914,0.003324,0.003419,0.032563,-0.004775,0.001265,-0.007484,0.022650,0.004000
1.000000,-0.005273,0.001060,0.001310,0.002352,0.002902,0.031058,-0.003615,0.002738,-0.005814,0.015050,0.004000
1.000000,0.008907,0.006139,0.002036,0.002521,0.003436,0.031018,-0.002673,0.002618,-0.005369,0.015424,0.004000
1.000000,0.001208,0.001779,-0.000040,0.001929,0.002191,0.031156,-0.002479,0.003082,-0.005401,0.017169,0.004000
1.000000,-0.014190,0.004710,-0.001861,-0.000447,0.002383,0.031306,-0.002071,0.003297,-0.004881,0.017488,0.004000
1.000000,0.027785,0.003687,0.002819,0.000219,0.003648,0.031009,-0.000504,0.003656,-0.006633,0.018746,0.004000
1.000000,-0.002386,0.004265,0.002663,-0.000080,0.003347,0.030153,0.000193,0.003964,-0.008244,0.017300,0.004000
1.000000,0.021659,0.006815,0.006477,0.000944,0.004040,0.030353,-0.000703,0.004227,-0.008246,0.018169,0.004000
1.000000,0.004276,0.007429,0.004604,0.002201,0.003949,0.033229,-0.000397,0.003606,-0.009509,0.018520,0.004000
1.000000,0.002325,0.010732,0.007721,0.003819,0.003650,0.033570,-0.000236,0.002748,-0.006795,0.018961,0.004000
1.000000,-0.014422,0.002290,0.002989,0.002952,0.003212,0.034862,0.000622,0.003047,-0.007336,0.017100,0.004000
1.000000,-0.067816,-0.010796,-0.003265,-0.000978,0.000480,0.033707,-0.000088,0.006544,-0.015930,0.014302,0.004000
1.000000,0.003774,-0.014373,-0.003779,-0.000871,0.000421,0.032356,0.000102,0.008001,-0.017897,0.013622,0.004000
1.000000,-0.081509,-0.031530,-0.012050,-0.006045,-0.002731,0.039957,-0.002109,0.012130,-0.020915,0.010547,0.004000
1.000000,0.018894,-0.028216,-0.008742,-0.005301,-0.003212,0.040452,-0.002627,0.012552,-0.020190,0.007000,0.004000
1.000000,-0.036764,-0.032684,-0.015197,-0.006189,-0.004920,0.040555,-0.002603,0.012532,-0.020933,0.007183,0.004000
1.000000,-0.012561,-0.021633,-0.016214,-0.006776,-0.005458,0.030350,0.000193,0.015156,-0.021740,0.000822,0.004000
1.000000,0.024510,-0.017486,-0.015929,-0.004726,-0.004681,0.032861,0.000878,0.014002,-0.019080,0.002232,0.004000
1.000000,0.001826,-0.000819,-0.016174,-0.005785,-0.003924,0.033277,0.000513,0.014031,-0.018446,0.002379,0.004000
1.000000,-0.002283,-0.005054,-0.016635,-0.004457,-0.002999,0.033928,0.000088,0.015248,-0.017286,0.003809,0.004000
1.000000,0.011361,0.004571,-0.014057,-0.005534,-0.002718,0.033675,0.000493,0.014389,-0.017111,0.003929,0.004000
1.000000,0.015247,0.010132,-0.005750,-0.004508,-0.002569,0.033295,0.000400,0.015285,-0.017688,0.003577,0.004000
1.000000,-0.006698,0.003891,-0.006798,-0.005288,-0.002847,0.032523,0.000540,0.015826,-0.017739,0.003969,0.004000
1.000000,0.001791,0.003884,0.001532,-0.005259,-0.003519,0.033742,0.000261,0.014981,-0.016752,0.004929,0.004000
1.000000,0.001341,0.004608,-0.000223,-0.004483,-0.003609,0.028457,0.000324,0.011548,-0.020332,0.001716,0.004000
1.000000,0.011104,0.004557,0.004564,-0.005317,-0.002605,0.029114,0.000028,0.013454,-0.018811,0.001785,0.004000
1.000000,0.005726,0.002653,0.006392,-0.004911,-0.002387,0.027750,0.000913,0.014140,-0.019391,0.000796,0.004000
1.000000,-0.003520,0.003288,0.003589,-0.006170,-0.001954,0.028691,0.000551,0.016926,-0.018997,-0.001732,0.004000
1.000000,0.007027,0.004335,0.004110,-0.006032,-0.002487,0.027629,0.000573,0.018657,-0.017112,-0.002064,0.004000
1.000000,-0.032469,-0.002426,0.001091,-0.007772,-0.002608,0.022558,0.003281,0.015518,-0.014998,-0.000795,0.004000
1.000000,-0.015031,-0.007653,-0.001548,-0.007803,-0.004205,0.023154,0.003082,0.016082,-0.014731,-0.000964,0.004000
1.000000,0.019542,-0.004890,-0.001119,-0.003435,-0.003378,0.023568,0.003237,0.015675,-0.015167,-0.000365,0.004000
1.000000,0.016957,-0.000795,0.001247,-0.002776,-0.003110,0.024231,0.002599,0.015344,-0.015591,0.000713,0.004000
