1.000000,0.030811,0.008189,0.002745,0.002665,0.003292,0.013770,-0.001275,-0.019360,-0.025858,0.015576,0.000000
1.000000,0.000752,0.009756,0.000502,0.002742,0.002695,0.013828,-0.001065,-0.019242,-0.025252,0.016189,0.000000
1.000000,0.007986,0.010985,0.002415,0.004975,0.001813,0.013682,-0.001255,-0.018960,-0.024968,0.015235,0.000000
1.000000,0.024311,0.018278,0.004795,0.006369,0.002432,0.013487,-0.002539,-0.020455,-0.027715,0.013200,0.000000
1.000000,-0.001214,0.012529,0.006809,0.005760,0.002080,0.013545,-0.002484,-0.020432,-0.027566,0.013258,0.000000
1.000000,0.013031,0.008973,0.008581,0.006535,0.002635,0.013541,-0.002367,-0.020575,-0.027787,0.013347,0.000000
1.000000,-0.016681,0.005487,0.007621,0.005961,0.001923,0.013102,0.001739,-0.019106,-0.025756,0.015367,0.000000
1.000000,-0.001708,0.003548,0.007266,0.003910,0.002161,0.013016,0.002311,-0.018330,-0.026270,0.015255,0.000000
1.000000,0.001708,-0.000973,0.008652,0.004888,0.002348,0.012236,0.002733,-0.016281,-0.025239,0.011976,0.000000
1.000000,-0.008323,-0.002395,0.005067,0.004324,0.002237,0.012105,0.002872,-0.015991,-0.024951,0.012693,0.000000
1.000000,-0.003941,-0.005789,0.001592,0.002169,0.002307,0.012174,0.001691,-0.017374,-0.024034,0.011854,0.000000
1.000000,0.034444,0.004436,0.004961,0.002732,0.003482,0.012664,0.004330,-0.017357,-0.021781,0.012389,0.000000
1.000000,0.003333,0.005444,0.004496,0.003456,0.004815,0.014048,0.004678,-0.019983,-0.022903,0.011754,0.000000
1.000000,-0.000238,0.005055,0.002041,0.003418,0.004926,0.013949,0.004280,-0.019816,-0.022443,0.010945,0.000000
1.000000,0.012754,0.009270,0.003438,0.005124,0.004986,0.013685,0.004475,-0.020687,-0.023831,0.010232,0.000000
1.000000,-0.007302,0.008598,0.001405,0.004993,0.004825,0.013748,0.003594,-0.020514,-0.023041,0.007572,0.000000
1.000000,0.018040,0.005317,0.004877,0.006249,0.005599,0.013731,0.003895,-0.020104,-0.022457,0.006619,0.000000
1.000000,-0.027302,-0.000810,0.002317,0.004792,0.003379,0.014266,0.001597,-0.021727,-0.021554,0.006784,0.000000
1.000000,0.018206,0.002879,0.003967,0.006310,0.004581,0.014816,-0.001593,-0.023792,-0.022978,0.007510,0.000000
1.000000,-0.025630,-0.004798,0.002236,0.003652,0.003628,0.014630,0.001024,-0.024725,-0.024953,0.009408,0.000000
1.000000,-0.001443,-0.003626,0.002486,0.002039,0.002275,0.014660,0.000848,-0.024780,-0.024873,0.009385,0.000000
1.000000,-0.011379,-0.009510,-0.002096,0.001433,0.001122,0.014158,0.000143,-0.023360,-0.020408,0.012397,0.000000
1.000000,-0.012742,-0.006598,-0.003704,0.000396,0.001069,0.013922,-0.000018,-0.025575,-0.024349,0.011644,0.000000
1.000000,0.010304,-0.008178,-0.002649,-0.000304,0.001396,0.014316,0.000773,-0.020905,-0.022092,0.009839,0.000000
1.000000,-0.006612,-0.004374,-0.004586,-0.000574,0.001887,0.014548,0.000493,-0.021405,-0.021800,0.009849,0.000000
1.000000,-0.014353,-0.006956,-0.005291,-0.001943,0.001565,0.014606,0.000363,-0.022098,-0.022553,0.009711,0.000000
1.000000,-0.003996,-0.005480,-0.007495,-0.001309,0.001668,0.014427,-0.000876,-0.021666,-0.020035,0.010696,0.000000
1.000000,-0.017418,-0.006415,-0.006506,-0.002095,0.001026,0.014556,-0.001428,-0.023785,-0.020708,0.010900,0.000000
1.000000,0.039935,-0.000489,-0.004333,-0.000183,0.002762,0.013458,0.000330,-0.020349,-0.024562,0.011294,0.000000
1.000000,-0.000979,0.000638,-0.001868,0.000184,0.001812,0.013712,0.000947,-0.021707,-0.026132,0.012281,0.000000
1.000000,-0.004664,0.002576,-0.002190,0.000148,0.000629,0.013410,0.000893,-0.018518,-0.021131,0.011214,0.000000
1.000000,-0.010886,0.001198,-0.002141,-0.002119,0.000241,0.012998,0.000874,-0.017883,-0.022506,0.009867,0.000000
1.000000,-0.007240,0.003233,-0.001591,-0.002647,-0.000266,0.012436,0.000629,-0.013842,-0.017613,0.005015,0.000000
1.000000,-0.070856,-0.018925,-0.009707,-0.006178,-0.003438,0.014216,0.006610,-0.003317,-0.015206,0.001110,0.000000
1.000000,0.013624,-0.016004,-0.007683,-0.006135,-0.002944,0.013774,0.005363,-0.004526,-0.014669,0.003248,0.000000
1.000000,0.005028,-0.014066,-0.005745,-0.005518,-0.003211,0.013501,0.005381,-0.003962,-0.014253,0.002990,0.000000
1.000000,-0.032737,-0.018436,-0.008619,-0.008057,-0.003746,0.013507,0.004511,-0.002864,-0.012808,0.001933,0.000000
1.000000,0.036163,-0.009756,-0.003261,-0.004884,-0.002483,0.015713,0.003348,-0.004290,-0.006268,0.006614,0.000000
1.000000,0.024173,0.009250,-0.004837,-0.004585,-0.001735,0.016013,0.003955,-0.005051,-0.007622,0.005993,0.000000
1.000000,-0.009029,0.004720,-0.005642,-0.003755,-0.001758,0.016009,0.003828,-0.004735,-0.007565,0.006176,0.000000
1.000000,0.006457,0.005005,-0.004530,-0.003360,-0.001412,0.016109,0.003717,-0.005609,-0.008285,0.006452,0.000000
1.000000,0.025923,0.016737,-0.000849,-0.001495,-0.001696,0.016432,0.002845,-0.008596,-0.011316,0.009359,0.000000
1.000000,0.020609,0.013627,0.001936,0.000172,-0.001120,0.015908,-0.000595,-0.003821,-0.013055,0.012476,0.000000
1.000000,0.013669,0.011526,0.010388,0.000341,-0.000656,0.015836,-0.000564,-0.002430,-0.012186,0.012009,0.000000
1.000000,0.004113,0.014154,0.009437,0.000877,-0.000944,0.015778,-0.000412,-0.002559,-0.012544,0.011646,0.000000
1.000000,0.007217,0.014306,0.009656,0.001955,-0.000460,0.015762,-0.000077,-0.002838,-0.012827,0.011695,0.000000
1.000000,0.002155,0.009552,0.013145,0.002263,-0.000990,0.015612,0.000861,-0.005076,-0.017580,0.009804,0.000000
1.000000,-0.019807,0.001469,0.007548,0.002143,-0.000740,0.016277,0.005794,-0.009550,-0.018503,0.010798,0.000000
1.000000,0.004625,-0.000340,0.005593,0.000378,-0.001193,0.016204,0.005995,-0.008967,-0.017378,0.011248,0.000000
1.000000,0.018287,0.002495,0.008325,0.001341,0.000271,0.016371,0.006374,-0.007184,-0.015452,0.010251,0.000000
1.000000,-0.004062,0.000240,0.007273,0.001371,0.000184,0.016121,0.006944,-0.007707,-0.012543,0.011510,0.000000
1.000000,-0.004559,-0.001103,0.004225,0.001688,0.000411,0.015672,0.006837,-0.009491,-0.013298,0.015756,0.000000
1.000000,-0.003855,0.002087,0.001778,0.001857,0.000708,0.015804,0.006559,-0.009880,-0.013486,0.016061,0.000000
1.000000,0.046696,0.010501,0.005081,0.007734,0.001921,0.016305,0.007177,-0.012459,-0.016957,0.019408,0.000000
1.000000,-0.023547,0.002134,0.002315,0.005876,0.001356,0.016611,0.007130,-0.011297,-0.015406,0.018667,0.000000
1.000000,-0.006390,0.001669,0.000954,0.005305,0.001622,0.016188,0.007987,-0.011099,-0.016443,0.018929,0.000000
1.000000,-0.013385,-0.000096,-0.000600,0.006273,0.001309,0.016424,0.007702,-0.011669,-0.016646,0.019373,0.000000
1.000000,0.003842,0.001443,0.001765,0.004657,0.002017,0.016391,0.007841,-0.011763,-0.017331,0.019637,0.000000
1.000000,0.001676,-0.007560,0.001470,0.003532,0.000742,0.016355,0.007996,-0.012070,-0.017399,0.019356,0.000000
1.000000,-0.007446,-0.004340,-0.001103,0.003611,0.000526,0.015786,0.008613,-0.009872,-0.016104,0.018936,0.000000
1.000000,-0.021197,-0.007302,-0.002816,0.002228,-0.000025,0.017485,0.008680,-0.011058,-0.019082,0.018133,0.000000
1.000000,-0.014385,-0.007502,-0.003799,0.000213,-0.000141,0.017154,0.010466,-0.009722,-0.018218,0.017177,0.000000
1.000000,-0.027864,-0.013843,-0.006200,-0.002211,-0.000829,0.016737,0.010137,-0.007921,-0.016263,0.016288,0.000000
1.000000,-0.003603,-0.014899,-0.011230,-0.003074,0.001413,0.017745,0.009821,-0.004695,-0.010344,0.017698,0.000000
1.000000,0.014079,-0.010594,-0.007467,-0.002576,0.001428,0.017040,0.010057,-0.003238,-0.010376,0.018643,0.000000
1.000000,0.027578,-0.000839,-0.004070,-0.001558,0.002180,0.016996,0.009602,-0.001822,-0.010835,0.019226,0.000000
1.000000,-0.017461,-0.001454,-0.004478,-0.002539,0.002689,0.017410,0.007586,0.000783,-0.010124,0.019555,0.000000
1.000000,-0.005804,0.002958,-0.005443,-0.001839,0.001290,0.015742,0.004843,0.003762,-0.011373,0.020472,0.000000
1.000000,-0.011455,0.001387,-0.006756,-0.002643,0.000103,0.015006,0.005209,0.005091,-0.013631,0.016552,0.000000
1.000000,0.035709,0.005713,-0.002440,-0.001772,0.001594,0.013911,0.006032,-0.003064,-0.021060,0.017696,0.000000
1.000000,-0.069028,-0.013608,-0.007223,-0.005020,-0.000922,0.015720,0.008528,-0.003399,-0.017626,0.018925,0.000000
1.000000,0.024060,-0.005304,-0.003379,-0.003589,-0.000984,0.014857,0.007175,-0.003134,-0.021920,0.018648,0.000000
1.000000,-0.010651,-0.006273,-0.001658,-0.003929,-0.002026,0.014173,0.007495,-0.005223,-0.023765,0.020099,0.000000
1.000000,-0.028074,-0.009597,-0.004105,-0.007667,-0.003418,0.014090,0.007362,-0.004714,-0.025705,0.019443,0.000000
1.000000,0.024935,-0.011752,-0.003019,-0.005243,-0.002724,0.014217,0.007922,-0.004291,-0.024126,0.021133,0.000000
1.000000,0.016113,0.005277,-0.004166,-0.004118,-0.002427,0.015212,0.007946,-0.003720,-0.019075,0.021310,0.000000
1.000000,0.066325,0.013730,0.004213,-0.000133,-0.000288,0.014847,0.009371,0.000233,-0.020550,0.022983,0.000000
1.000000,-0.000965,0.015667,0.004697,-0.000373,0.000340,0.014189,0.010947,0.000424,-0.021296,0.021810,0.000000
1.000000,0.012479,0.023777,0.007090,0.000167,0.000602,0.013946,0.012132,-0.000825,-0.022427,0.019862,0.000000
1.000000,0.008786,0.020547,0.004398,0.000979,0.000285,0.013973,0.010231,-0.000538,-0.022810,0.020113,0.000000
1.000000,-0.021023,0.013120,0.009198,0.000987,-0.000280,0.012895,0.011805,-0.001327,-0.026141,0.021609,0.000000
1.000000,-0.004840,-0.001113,0.006308,0.001465,-0.000290,0.013312,0.011279,-0.000851,-0.028382,0.019440,0.000000
1.000000,-0.020837,-0.005087,0.005290,0.001816,-0.000856,0.013552,0.009054,-0.000013,-0.028667,0.018694,0.000000
1.000000,0.037676,-0.000048,0.011865,0.003880,-0.001157,0.013306,0.009738,-0.000806,-0.031396,0.016869,0.000000
1.000000,0.004522,-0.000900,0.009824,0.003402,-0.000221,0.012914,0.009607,-0.000728,-0.031329,0.018513,0.000000
1.000000,0.000237,0.003352,0.008236,0.002035,-0.000000,0.013800,0.009415,-0.002774,-0.027980,0.019829,0.000000
1.000000,0.001898,0.004699,0.001793,0.003003,0.000509,0.013623,0.009438,-0.002997,-0.028840,0.019357,0.000000
1.000000,0.001184,0.009103,0.002008,0.003353,0.000421,0.013243,0.009266,-0.001530,-0.029201,0.021125,0.000000
1.000000,0.003544,0.002277,0.001115,0.004102,0.000483,0.013462,0.009474,-0.003242,-0.028231,0.018433,0.000000
1.000000,0.006582,0.002689,0.000894,0.002646,0.000951,0.013679,0.008726,-0.001994,-0.026342,0.018704,0.000000
1.000000,0.013036,0.005249,0.004300,0.006749,0.002092,0.012925,0.009389,-0.002535,-0.029882,0.016912,0.000000
1.000000,0.014693,0.007808,0.006254,0.006281,0.003061,0.012526,0.009819,-0.003102,-0.030342,0.017287,0.000000
1.000000,-0.004111,0.006749,0.007926,0.006608,0.003853,0.012713,0.010739,-0.003725,-0.029914,0.019524,0.000000
1.000000,-0.017544,0.002531,0.002404,0.007134,0.003388,0.011455,0.010648,-0.007304,-0.030181,0.022185,0.000000
1.000000,0.020287,0.005272,0.003981,0.006902,0.003595,0.012708,0.010027,-0.006110,-0.027870,0.019441,0.000000
1.000000,-0.013787,-0.000093,0.002578,0.005407,0.002216,0.012991,0.010042,-0.006986,-0.028683,0.019154,0.000000
1.000000,-0.017505,-0.006532,0.000638,0.001216,0.002215,0.013542,0.009249,-0.005585,-0.031515,0.019225,0.000000
1.000000,-0.004247,-0.006559,0.000095,0.001051,0.002267,0.012422,0.009483,-0.005561,-0.032120,0.018525,0.000000
1.000000,0.025909,0.002131,0.002331,0.001723,0.003512,0.011080,0.012175,-0.007084,-0.033305,0.019264,0.000000
1.000000,-0.014155,-0.004757,0.000257,0.000576,0.001850,0.011369,0.011919,-0.007354,-0.032637,0.019443,0.000000
1.000000,-0.013647,-0.004729,-0.002411,0.000945,0.003696,0.011600,0.010232,-0.007410,-0.031318,0.021366,0.000000
1.000000,-0.044818,-0.010192,-0.008362,-0.001054,0.001400,0.013182,0.011259,-0.010568,-0.026653,0.025513,0.000000
1.000000,-0.005466,-0.010435,-0.008497,-0.000286,0.001573,0.013429,0.010822,-0.010735,-0.023309,0.026091,0.000000
1.000000,-0.020640,-0.019745,-0.008807,-0.003201,0.001821,0.013566,0.010771,-0.011288,-0.023005,0.025654,0.000000
1.000000,-0.002292,-0.017373,-0.011065,-0.003542,0.000913,0.013558,0.010774,-0.011263,-0.023035,0.025660,0.000000
1.000000,-0.030804,-0.020804,-0.012767,-0.005094,-0.000651,0.013620,0.011008,-0.011529,-0.023972,0.025917,0.000000
1.000000,-0.015632,-0.014966,-0.012579,-0.005971,-0.003383,0.012933,0.011907,-0.012410,-0.024744,0.025301,0.000000
1.000000,0.028949,-0.008083,-0.009259,-0.004582,-0.002386,0.012948,0.012137,-0.012671,-0.023632,0.025635,0.000000
1.000000,0.001296,-0.003696,-0.011721,-0.004695,-0.002758,0.012330,0.013224,-0.012561,-0.023100,0.026290,0.000000
1.000000,-0.033991,-0.010036,-0.013704,-0.006723,-0.004184,0.013417,0.010257,-0.012905,-0.020480,0.028334,0.000000
1.000000,-0.018667,-0.007609,-0.014206,-0.008309,-0.004106,0.013460,0.010246,-0.013966,-0.021528,0.028064,0.000000
1.000000,0.002727,-0.003937,-0.009452,-0.008907,-0.003853,0.013118,0.010487,-0.013434,-0.021216,0.029171,0.000000
1.000000,0.053293,0.000932,-0.003576,-0.006037,-0.001382,0.014130,0.010076,-0.012175,-0.019537,0.033336,0.000000
1.000000,0.007716,0.002216,-0.000740,-0.004774,-0.002381,0.013788,0.009748,-0.013034,-0.018549,0.030723,0.000000
1.000000,0.007403,0.010494,0.000229,-0.005418,-0.002285,0.013276,0.010411,-0.014150,-0.020122,0.030324,0.000000
1.000000,0.000000,0.014228,0.003310,-0.004729,-0.002293,0.013203,0.009683,-0.013646,-0.020138,0.029809,0.000000
1.000000,-0.038102,0.006062,0.001062,-0.005758,-0.003626,0.013732,0.009521,-0.013885,-0.019034,0.030976,0.000000
1.000000,-0.079999,-0.020596,-0.009832,-0.009546,-0.006332,0.016183,0.008316,-0.016784,-0.017736,0.031591,0.000000
1.000000,0.008833,-0.020373,-0.009079,-0.010400,-0.006156,0.016163,0.008190,-0.016393,-0.017770,0.031811,0.000000
1.000000,-0.007403,-0.023334,-0.006420,-0.010062,-0.006622,0.016102,0.008270,-0.019171,-0.019337,0.031551,0.000000
1.000000,0.006836,-0.021967,-0.003870,-0.009038,-0.006829,0.016080,0.007952,-0.019690,-0.019126,0.031297,0.000000
1.000000,0.021899,-0.009967,-0.001952,-0.005702,-0.006589,0.016857,0.005295,-0.020674,-0.019767,0.031109,0.000000
1.000000,0.037339,0.013501,-0.003548,-0.003562,-0.005207,0.016695,0.006441,-0.021504,-0.022512,0.032709,0.000000
1.000000,-0.036506,0.004433,-0.007970,-0.004355,-0.005839,0.016789,0.006048,-0.020590,-0.022538,0.036083,0.000000
1.000000,-0.015942,0.002725,-0.010305,-0.005038,-0.007047,0.017368,0.003309,-0.017741,-0.017905,0.033976,0.000000
1.000000,-0.013625,-0.001367,-0.011667,-0.004179,-0.007041,0.017341,0.003429,-0.017835,-0.017195,0.033546,0.000000
1.000000,0.010236,-0.003700,-0.006833,-0.002885,-0.006117,0.017519,0.003406,-0.018129,-0.016592,0.032899,0.000000
1.000000,-0.040999,-0.019367,-0.002933,-0.006383,-0.007342,0.017825,0.003965,-0.021967,-0.014840,0.029123,0.000000
1.000000,-0.026278,-0.017322,-0.006444,-0.007762,-0.009081,0.017438,0.004606,-0.023445,-0.016143,0.032948,0.000000
1.000000,0.057612,-0.002611,0.000057,-0.003181,-0.006689,0.018569,0.003548,-0.017333,-0.010297,0.032408,0.000000
1.000000,-0.012937,-0.002473,-0.001920,-0.002895,-0.006665,0.017401,-0.000186,-0.015595,-0.012262,0.032281,0.000000
1.000000,0.080043,0.011488,0.003894,0.000971,-0.002503,0.019675,-0.002030,-0.022836,-0.015997,0.027862,0.000000
1.000000,-0.010471,0.017594,-0.000887,-0.002217,-0.002670,0.020290,-0.001183,-0.021864,-0.011114,0.027583,0.000000
1.000000,-0.041328,0.014584,-0.001369,-0.004670,-0.003360,0.020345,-0.002890,-0.022984,-0.011925,0.026174,0.000000
1.000000,-0.001971,0.002667,0.000028,-0.005138,-0.003349,0.020228,-0.002809,-0.022851,-0.011524,0.026953,0.000000
1.000000,0.004780,0.006210,0.001869,-0.004899,-0.002163,0.019633,-0.001995,-0.023111,-0.013166,0.029314,0.000000
1.000000,-0.013556,-0.012509,-0.000510,-0.003672,-0.002094,0.019577,-0.003877,-0.025041,-0.010182,0.023254,0.000000
1.000000,0.010184,-0.008378,0.004608,0.000837,-0.002719,0.019729,-0.004343,-0.033677,-0.015165,0.028775,0.000000
1.000000,-0.020760,-0.004265,0.005160,-0.000642,-0.003454,0.019645,-0.004378,-0.034104,-0.015504,0.028800,0.000000
1.000000,0.013415,-0.001187,0.000740,0.000399,-0.001874,0.019296,-0.003826,-0.033185,-0.014960,0.031057,0.000000
1.000000,-0.039028,-0.009949,-0.001869,-0.001895,-0.002553,0.019571,-0.003522,-0.033400,-0.017875,0.028469,0.000000
1.000000,-0.016348,-0.010507,-0.011508,-0.003807,-0.003189,0.019527,-0.004929,-0.029777,-0.013703,0.031144,0.000000
1.000000,0.005678,-0.011409,-0.009893,-0.005390,-0.004776,0.019402,-0.007009,-0.029842,-0.014563,0.030113,0.000000
1.000000,-0.007177,-0.008692,-0.006478,-0.003924,-0.005272,0.018807,-0.008187,-0.029068,-0.012064,0.033662,0.000000
1.000000,-0.006020,-0.012579,-0.006883,-0.003427,-0.005720,0.018451,-0.008976,-0.028010,-0.012481,0.034226,0.000000
1.000000,0.022392,-0.000295,-0.005122,-0.001627,-0.004973,0.018964,-0.008395,-0.028848,-0.010232,0.032791,0.000000
1.000000,0.003831,0.003741,-0.003383,-0.001947,-0.003576,0.018522,-0.007942,-0.028841,-0.009668,0.034975,0.000000
1.000000,0.020667,0.006739,-0.002335,0.001136,-0.000220,0.018511,-0.008207,-0.029756,-0.010166,0.035427,0.000000
1.000000,-0.020667,0.004041,-0.002326,0.001417,-0.001204,0.018679,-0.009131,-0.028711,-0.009761,0.036277,0.000000
1.000000,-0.020803,0.001084,-0.005748,-0.002504,-0.001650,0.018738,-0.008740,-0.029033,-0.010241,0.036388,0.000000
1.000000,-0.032039,-0.009802,-0.005049,-0.003459,-0.002946,0.019041,-0.006946,-0.029309,-0.010527,0.035121,0.000000
1.000000,0.002787,-0.010011,-0.003135,-0.007322,-0.003583,0.018945,-0.006943,-0.029309,-0.010656,0.034845,0.000000
1.000000,0.018079,-0.010529,-0.001895,-0.005894,-0.004225,0.019026,-0.006723,-0.029636,-0.009470,0.035540,0.000000
1.000000,0.003032,-0.005789,-0.000874,-0.003676,-0.002907,0.019142,-0.005846,-0.029920,-0.008737,0.036489,0.000000
1.000000,-0.026693,-0.006967,-0.002941,-0.004912,-0.003265,0.017678,-0.004300,-0.032276,-0.011958,0.041739,0.000000
1.000000,-0.015669,-0.003693,-0.006748,-0.005935,-0.003334,0.016916,-0.005774,-0.035860,-0.016998,0.046189,0.000000
1.000000,0.049903,0.005730,-0.002140,-0.002762,-0.002011,0.012223,-0.012324,-0.032955,-0.023993,0.051126,0.000000
1.000000,0.017868,0.005688,-0.002420,-0.002378,-0.000049,0.011287,-0.014432,-0.033069,-0.026100,0.052322,0.000000
1.000000,-0.044975,-0.003913,-0.004851,-0.003588,-0.000672,0.011253,-0.016339,-0.030356,-0.029349,0.052444,0.000000
1.000000,0.031006,0.007626,0.000330,-0.002709,-0.001559,0.011207,-0.012747,-0.031504,-0.030198,0.054478,0.000000
1.000000,-0.012045,0.008351,0.002329,-0.001360,-0.001530,0.011302,-0.012579,-0.031208,-0.029699,0.054710,0.000000
1.000000,0.016524,0.001676,0.003703,0.000284,-0.003647,0.011537,-0.012790,-0.028762,-0.031081,0.047457,0.000000
1.000000,-0.029023,-0.007703,-0.001007,-0.001451,-0.004265,0.010897,-0.011615,-0.029332,-0.032429,0.050797,0.000000
1.000000,0.006116,0.002516,-0.000699,-0.000786,-0.002684,0.011017,-0.011592,-0.030268,-0.033796,0.049746,0.000000
1.000000,-0.016291,-0.006943,0.000341,-0.001300,-0.003161,0.010311,-0.012666,-0.031332,-0.035651,0.051538,0.000000
1.000000,-0.020348,-0.008604,-0.000126,-0.003437,-0.003999,0.010144,-0.013044,-0.031557,-0.035019,0.052385,0.000000
1.000000,0.031136,-0.005682,-0.002003,-0.002072,-0.002509,0.010299,-0.011159,-0.033932,-0.037330,0.051131,0.000000
1.000000,-0.025145,-0.004906,-0.006304,-0.004362,-0.003687,0.010871,-0.005932,-0.033545,-0.033105,0.053234,0.000000
1.000000,-0.006940,-0.007518,-0.002501,-0.003676,-0.003226,0.011606,-0.007405,-0.033687,-0.033459,0.053225,0.000000
1.000000,0.007254,-0.002809,-0.004876,-0.002273,-0.003431,0.011176,-0.005734,-0.031765,-0.032924,0.049931,0.000000
1.000000,-0.009156,-0.000570,-0.004587,-0.001129,-0.002436,0.010985,-0.005370,-0.032227,-0.032374,0.050815,0.000000
1.000000,0.022579,-0.002282,-0.003982,-0.000139,-0.001138,0.011193,-0.006513,-0.031612,-0.034585,0.047169,0.000000
1.000000,0.052548,0.013257,0.004175,0.001584,0.000424,0.011160,-0.005150,-0.032990,-0.035349,0.040273,0.000000
1.000000,-0.015118,0.011622,0.002052,0.000677,0.000160,0.010756,-0.004765,-0.032967,-0.035733,0.039746,0.000000
1.000000,0.033194,0.016810,0.007000,0.003671,0.001467,0.011105,-0.004853,-0.033691,-0.032387,0.045990,0.000000
1.000000,0.008344,0.020309,0.009870,0.004872,0.000999,0.011281,-0.004888,-0.034335,-0.031864,0.045983,0.000000
1.000000,-0.012107,0.013372,0.005545,0.001771,0.000467,0.010931,-0.005944,-0.032868,-0.033836,0.040553,0.000000
1.000000,0.008376,0.004538,0.008897,0.001297,0.000058,0.006212,-0.004781,-0.027166,-0.036291,0.034348,0.000000
1.000000,0.007735,0.009108,0.010365,0.003932,0.001004,0.006196,-0.004762,-0.027248,-0.036335,0.034559,0.000000
1.000000,0.063307,0.015131,0.015970,0.005547,0.003808,0.009722,-0.007499,-0.030237,-0.034913,0.030877,0.000000
1.000000,-0.028806,0.007701,0.014005,0.004709,0.003916,0.010020,-0.008015,-0.027825,-0.034489,0.031899,0.000000
1.000000,-0.031366,0.003849,0.008611,0.002314,0.002777,0.010687,-0.008865,-0.029066,-0.034541,0.033949,0.000000
1.000000,-0.017507,-0.001327,0.001605,0.002890,0.001591,0.010880,-0.009984,-0.027491,-0.030599,0.026429,0.000000
1.000000,0.041679,0.005461,0.007285,0.004668,0.002879,0.009099,-0.005954,-0.026045,-0.030061,0.023805,0.000000
1.000000,0.010497,-0.005101,0.005015,0.006008,0.004119,0.008534,-0.003993,-0.026943,-0.033610,0.026296,0.000000
1.000000,0.002744,0.001209,0.004455,0.007162,0.004733,0.008390,-0.004048,-0.026118,-0.033485,0.025915,0.000000
1.000000,-0.017416,0.004000,0.003924,0.004735,0.002489,0.008518,-0.004399,-0.026329,-0.034205,0.026581,0.000000
1.000000,-0.012911,0.004919,0.001796,0.005347,0.001463,0.010967,-0.003107,-0.023334,-0.033195,0.029592,0.000000
1.000000,0.008999,-0.001617,0.001922,0.006144,0.003262,0.012360,-0.003550,-0.022829,-0.030249,0.031971,0.000000
1.000000,0.010582,-0.001600,-0.003350,0.006310,0.002581,0.009216,-0.003527,-0.029309,-0.036987,0.036100,0.000000
1.000000,-0.010582,-0.004265,-0.001528,0.006239,0.002630,0.009079,-0.002775,-0.031277,-0.038003,0.037181,0.000000
1.000000,-0.029259,-0.006634,-0.001317,0.003647,0.001104,0.004185,0.001775,-0.023995,-0.034079,0.033323,0.000000
1.000000,0.000288,-0.003994,0.000462,0.001034,0.002081,0.003245,-0.000059,-0.026575,-0.042329,0.036932,0.000000
1.000000,-0.028352,-0.011465,-0.006541,0.000372,0.000932,0.003623,0.003006,-0.023178,-0.038389,0.037091,0.000000
1.000000,-0.010431,-0.015667,-0.008634,-0.001809,0.001127,0.004099,0.003034,-0.021954,-0.036274,0.037823,0.000000
1.000000,0.012504,-0.011050,-0.007658,-0.001601,0.002222,0.004018,0.002655,-0.022094,-0.037567,0.038264,0.000000
1.000000,0.029731,0.000748,-0.002943,0.000491,0.002176,0.005272,0.006146,-0.017004,-0.031565,0.033653,0.000000
1.000000,-0.014755,-0.002261,-0.003127,-0.000666,0.002522,0.004963,0.005492,-0.020674,-0.035862,0.042975,0.000000
1.000000,-0.028679,-0.002326,-0.006895,-0.002487,0.001797,0.005337,0.005716,-0.020175,-0.036621,0.045338,0.000000
1.000000,0.015476,0.002855,-0.006406,-0.004878,0.002071,0.005093,0.006360,-0.019737,-0.035087,0.043287,0.000000
1.000000,0.043347,0.009024,-0.001013,-0.001270,0.003821,0.006112,0.006274,-0.021522,-0.033417,0.047482,0.000000
1.000000,-0.009091,0.001260,0.001004,-0.000157,0.002766,0.005023,0.007434,-0.025595,-0.040365,0.049952,0.000000
1.000000,-0.009462,0.002318,0.000029,0.000245,0.000699,0.004817,0.008843,-0.025323,-0.040619,0.051089,0.000000
1.000000,0.041202,0.016294,0.006984,0.000222,0.002576,0.006182,0.008519,-0.028048,-0.040009,0.061268,0.000000
1.000000,0.010451,0.015289,0.009072,0.000219,0.001818,0.006269,0.009522,-0.031867,-0.039526,0.066604,0.000000
1.000000,0.017896,0.010199,0.009612,0.000977,0.002136,0.006401,0.009453,-0.034007,-0.040026,0.068241,0.000000
1.000000,-0.005930,0.010831,0.006046,0.001551,0.002342,0.006515,0.009485,-0.033835,-0.039976,0.067912,0.000000
1.000000,-0.004335,0.011857,0.007088,0.001980,0.001919,0.006369,0.009939,-0.032571,-0.039554,0.066198,0.000000
1.000000,0.014823,0.006581,0.011438,0.002271,0.002155,0.005500,0.012064,-0.033923,-0.041117,0.067958,0.000000
1.000000,-0.019995,0.000492,0.007891,0.000742,-0.000622,0.005897,0.010465,-0.029218,-0.036503,0.061687,0.000000
1.000000,-0.030200,-0.009127,0.000536,-0.000239,-0.000668,0.006190,0.009685,-0.022667,-0.034494,0.052443,0.000000
1.000000,-0.016164,-0.011174,-0.000171,0.000416,-0.000162,0.005882,0.010718,-0.022957,-0.035082,0.051856,0.000000
1.000000,0.004279,-0.009451,0.001203,0.000616,0.000565,0.006179,0.010007,-0.023126,-0.036068,0.053567,0.000000
1.000000,-0.023619,-0.017140,-0.005279,0.000852,-0.001612,0.006303,0.010064,-0.022514,-0.036468,0.053716,0.000000
1.000000,0.006102,-0.011920,-0.005714,0.001679,-0.001759,0.007109,0.007684,-0.021165,-0.035211,0.051610,0.000000
1.000000,-0.008144,-0.007509,-0.008318,0.000647,-0.002121,0.007112,0.008156,-0.019875,-0.034752,0.050172,0.000000
1.000000,-0.043271,-0.012931,-0.012052,-0.003003,-0.002983,0.010547,0.007414,-0.029338,-0.024476,0.054919,0.000000
1.000000,-0.006425,-0.015071,-0.012261,-0.002587,-0.002767,0.011548,0.007529,-0.030478,-0.022478,0.057097,0.000000
1.000000,0.010078,-0.008332,-0.012736,-0.000649,-0.002731,0.011442,0.006182,-0.030611,-0.018961,0.049999,0.000000
1.000000,0.012681,-0.007016,-0.009468,-0.000789,-0.002661,0.011668,0.004656,-0.030352,-0.017813,0.047082,0.000000
1.000000,0.026352,-0.000117,-0.003813,-0.001639,-0.001430,0.011759,0.002112,-0.029309,-0.019101,0.044848,0.000000
1.000000,-0.001462,0.008245,-0.002343,-0.001257,-0.000503,0.011500,0.001727,-0.029005,-0.018839,0.044664,0.000000
1.000000,0.010191,0.011568,-0.001752,-0.000274,-0.000173,0.011981,0.000250,-0.026155,-0.014753,0.039623,0.000000
1.000000,-0.009021,0.007748,-0.000292,-0.002786,0.000471,0.012252,-0.000010,-0.025636,-0.014211,0.039681,0.000000
1.000000,0.009890,0.007190,0.000087,-0.002814,0.001148,0.011994,0.001043,-0.025128,-0.014897,0.040163,0.000000
1.000000,0.010652,0.004050,0.001967,-0.003176,0.001087,0.012081,0.001344,-0.024249,-0.014400,0.038670,0.000000
1.000000,-0.010652,0.002212,0.005228,-0.003412,-0.000259,0.012659,0.000243,-0.022377,-0.011309,0.037196,0.000000
1.000000,-0.006971,-0.001220,0.005174,-0.003544,0.000000,0.011841,-0.004858,-0.024329,-0.013141,0.032188,0.000000
1.000000,0.049470,0.010478,0.009113,-0.001811,0.002605,0.009337,-0.002706,-0.026524,-0.019575,0.027979,0.000000
1.000000,-0.002778,0.007944,0.007567,-0.000951,0.001996,0.009531,-0.003292,-0.027458,-0.020460,0.029092,0.000000
1.000000,-0.005299,0.004754,0.004402,0.000294,0.000375,0.009612,-0.003264,-0.027084,-0.020447,0.029225,0.000000
1.000000,-0.016352,0.003614,0.002913,0.000285,0.000133,0.010624,-0.000755,-0.026492,-0.017303,0.031165,0.000000
1.000000,0.003688,0.005746,0.002263,0.000256,0.000571,0.009289,-0.001941,-0.025246,-0.016736,0.028810,0.000000
1.000000,-0.022627,-0.008674,0.000902,0.000305,-0.001556,0.010673,-0.000828,-0.025254,-0.014569,0.031599,0.000000
1.000000,-0.008729,-0.009864,-0.000960,-0.000436,-0.002196,0.010224,-0.000185,-0.024733,-0.015915,0.031900,0.000000
1.000000,0.009308,-0.006942,-0.001094,0.000436,-0.002482,0.009940,0.000637,-0.023101,-0.015105,0.029580,0.000000
1.000000,0.020064,0.000341,0.001977,0.003603,-0.001616,0.010222,0.000941,-0.024877,-0.016245,0.034368,0.000000
1.000000,0.014368,0.002477,0.004111,0.004643,-0.000992,0.009517,-0.000912,-0.024342,-0.017442,0.031642,0.000000
1.000000,-0.020345,0.002933,-0.002870,0.003121,-0.002164,0.009566,-0.000867,-0.024408,-0.017648,0.031834,0.000000
1.000000,-0.004005,0.003878,-0.002993,0.002287,-0.001631,0.007121,0.003938,-0.019455,-0.019709,0.036285,0.000000
1.000000,0.003148,0.002646,-0.002148,0.001127,-0.000520,0.006785,0.001814,-0.022629,-0.018728,0.031077,0.000000
1.000000,0.000000,-0.001367,-0.000513,0.001200,0.000019,0.005446,0.003140,-0.020550,-0.019925,0.028906,0.000000
1.000000,0.005698,-0.003101,-0.000312,0.000975,0.000066,0.005353,0.003459,-0.020527,-0.018603,0.027503,0.000000
1.000000,0.061426,0.013254,0.008093,0.004498,0.002901,0.009450,-0.002080,-0.024446,-0.017228,0.032550,0.000000
1.000000,-0.010474,0.011960,0.007919,0.003480,0.002349,0.010576,-0.002653,-0.026886,-0.012985,0.031261,0.000000
1.000000,0.009137,0.013158,0.007902,0.003404,0.002925,0.010805,-0.002723,-0.028487,-0.012053,0.029667,0.000000
1.000000,0.035995,0.020357,0.009495,0.005736,0.005567,0.010630,-0.001513,-0.027316,-0.012948,0.028344,0.000000
1.000000,0.005661,0.020349,0.008624,0.006368,0.005970,0.010430,-0.001035,-0.027013,-0.012868,0.028383,0.000000
1.000000,0.007414,0.009547,0.011400,0.004265,0.005881,0.010216,-0.000634,-0.026293,-0.013224,0.028516,0.000000
1.000000,0.007360,0.013113,0.012537,0.004772,0.005704,0.010370,0.000478,-0.025325,-0.012677,0.030182,0.000000
1.000000,0.005044,0.012295,0.012726,0.005289,0.004993,0.010151,0.000639,-0.024912,-0.013124,0.030502,0.000000
1.000000,-0.004791,0.004138,0.012247,0.005867,0.004882,0.010460,-0.000078,-0.024148,-0.014939,0.028912,0.000000
1.000000,-0.003545,0.002296,0.011323,0.005505,0.004424,0.010726,0.000035,-0.023797,-0.014530,0.028546,0.000000
1.000000,-0.014565,-0.002100,0.003724,0.005908,0.004240,0.011545,-0.001231,-0.022660,-0.009928,0.023515,0.000000
1.000000,-0.017134,-0.006998,0.003058,0.005488,0.003339,0.012060,-0.000546,-0.022615,-0.007883,0.023157,0.000000
1.000000,0.004442,-0.007119,0.002588,0.005245,0.003132,0.013225,-0.001015,-0.022095,-0.007392,0.022094,0.000000
1.000000,0.006496,-0.004861,-0.000362,0.004566,0.003703,0.012360,-0.004042,-0.025884,-0.011323,0.023292,0.000000
1.000000,-0.004933,-0.005139,-0.001421,0.003601,0.003771,0.013128,-0.002834,-0.023469,-0.008103,0.023109,0.000000
1.000000,0.019843,0.001743,-0.000178,0.005611,0.002784,0.012631,-0.003252,-0.023499,-0.007239,0.020608,0.000000
1.000000,-0.026110,-0.000052,-0.003525,0.004506,0.002006,0.014239,-0.004460,-0.022989,-0.005065,0.015877,0.000000
1.000000,0.001309,-0.000679,-0.003899,0.004414,0.002226,0.012475,-0.003445,-0.021244,-0.004411,0.015821,0.000000
1.000000,-0.003931,-0.002764,-0.003813,0.004217,0.002640,0.012577,-0.003522,-0.020379,-0.002997,0.013271,0.000000
1.000000,0.009149,0.000052,-0.002543,0.004390,0.002822,0.012591,-0.003544,-0.020189,-0.002217,0.012675,0.000000
1.000000,-0.025031,-0.008923,-0.003590,0.000067,0.002742,0.011914,-0.003321,-0.018688,-0.001681,0.006773,0.000000
1.000000,-0.005619,-0.004825,-0.002438,0.000310,0.002846,0.012132,-0.004215,-0.018521,-0.003644,0.006424,0.000000
1.000000,0.014385,-0.002209,-0.001444,0.000572,0.003015,0.011801,-0.003468,-0.015710,-0.003374,0.004513,0.000000
1.000000,0.010262,0.000629,-0.001068,-0.000715,0.002688,0.011365,-0.003886,-0.017072,-0.002622,0.003989,0.000000
1.000000,-0.031107,-0.007422,-0.003685,-0.002553,0.001173,0.011744,-0.003776,-0.017173,-0.002232,0.004503,0.000000
1.000000,-0.003246,-0.003065,-0.005994,-0.003086,0.001743,0.011498,-0.003864,-0.016396,-0.001539,0.003794,0.000000
1.000000,0.042695,0.006598,0.000887,-0.001319,0.003299,0.011675,-0.004502,-0.018657,-0.009336,0.010723,0.000000
1.000000,0.012384,0.006198,0.001994,-0.000952,0.003607,0.010721,-0.004773,-0.022580,-0.007424,0.015390,0.000000
1.000000,-0.003854,0.003375,0.002002,-0.000906,0.003479,0.010998,-0.003702,-0.020656,-0.002392,0.018688,0.000000
1.000000,0.033163,0.016229,0.004403,0.000930,0.004394,0.010249,-0.005173,-0.022103,-0.000641,0.014247,0.000000
1.000000,-0.023685,0.012141,0.004538,0.000474,0.001557,0.010236,-0.005490,-0.022979,0.001263,0.013049,0.000000
1.000000,0.015936,0.006789,0.006693,0.002127,0.002437,0.010221,-0.005368,-0.023236,0.000998,0.013546,0.000000
1.000000,-0.006798,0.002952,0.004575,0.001565,0.001906,0.010242,-0.005025,-0.023205,0.000909,0.013064,0.000000
1.000000,0.052417,0.014207,0.008791,0.003861,0.002454,0.014493,-0.002640,-0.008708,0.005918,0.004710,0.000000
1.000000,0.001437,0.007861,0.012045,0.004180,0.002313,0.013850,0.000515,-0.005765,0.007604,0.007243,0.000000
1.000000,-0.021293,0.008340,0.010240,0.002123,0.001356,0.014091,0.001498,-0.002366,0.009451,0.005946,0.000000
1.000000,-0.007364,0.003680,0.005234,0.003060,0.000865,0.012866,0.001646,-0.004236,0.007790,0.006218,0.000000
1.000000,-0.011398,0.002760,0.002856,0.002425,0.000317,0.012225,0.002261,-0.006323,0.006130,0.008470,0.000000
1.000000,0.021448,-0.003434,0.005386,0.003694,0.001192,0.012557,0.002894,-0.005941,0.007180,0.007397,0.000000
1.000000,0.011639,-0.001393,0.003234,0.003819,0.001698,0.012559,0.002708,-0.007154,0.005958,0.007732,0.000000
1.000000,-0.008230,0.001219,0.004779,0.004659,0.001909,0.012715,0.001228,-0.006933,0.006242,0.007097,0.000000
1.000000,-0.004873,0.001717,0.002699,0.004696,0.002318,0.012908,0.000738,-0.006940,0.005633,0.006894,0.000000
1.000000,0.008513,0.005699,0.004230,0.004402,0.002454,0.012855,0.000621,-0.006944,0.005385,0.006977,0.000000
1.000000,0.013471,0.004104,0.000335,0.004563,0.002686,0.013114,0.001067,-0.005573,0.006318,0.006074,0.000000
1.000000,-0.000717,0.001633,0.000120,0.006082,0.002827,0.012905,0.001265,-0.006779,0.006208,0.007794,0.000000
1.000000,0.010466,0.005372,0.003296,0.006768,0.002514,0.013645,-0.001383,-0.007456,0.007397,0.011576,0.000000
1.000000,0.035336,0.013414,0.007566,0.006400,0.004562,0.013589,0.002177,-0.007232,0.009115,0.014951,0.000000
1.000000,0.012485,0.014208,0.009954,0.006405,0.004935,0.013606,0.002356,-0.007032,0.009300,0.014561,0.000000
1.000000,-0.010203,0.009473,0.006789,0.006088,0.004726,0.013313,0.001143,-0.009770,0.007177,0.016080,0.000000
1.000000,-0.000912,0.009434,0.005534,0.004384,0.004390,0.013229,0.001371,-0.009577,0.007053,0.016308,0.000000
1.000000,-0.002741,0.006793,0.006082,0.005431,0.005133,0.012328,-0.001846,-0.008451,0.005735,0.011976,0.000000
1.000000,-0.013123,-0.002899,0.005257,0.003978,0.004883,0.012309,-0.001101,-0.009753,0.007702,0.012015,0.000000
1.000000,-0.005811,-0.006558,0.003825,0.004027,0.004210,0.012640,-0.001625,-0.011757,0.006780,0.014662,0.000000
1.000000,-0.019775,-0.008472,0.000501,0.000418,0.003209,0.012293,-0.001848,-0.012839,0.006051,0.012432,0.000000
1.000000,-0.024550,-0.013200,-0.001883,-0.000882,0.003427,0.012521,-0.000130,-0.014886,0.005844,0.017286,0.000000
1.000000,0.002434,-0.012165,-0.002686,0.000305,0.003617,0.012239,-0.000204,-0.015031,0.007681,0.016395,0.000000
1.000000,0.007748,-0.007991,-0.005445,0.001060,0.002452,0.012257,-0.000367,-0.014899,0.008232,0.014789,0.000000
1.000000,-0.027138,-0.012256,-0.009407,0.000273,0.001134,0.012791,-0.000833,-0.015627,0.007782,0.015458,0.000000
1.000000,-0.008212,-0.009944,-0.009208,-0.001210,0.000989,0.013175,-0.001003,-0.015818,0.008273,0.015502,0.000000
1.000000,0.000999,-0.004834,-0.009017,-0.001742,-0.000083,0.012715,-0.000402,-0.015469,0.007538,0.015435,0.000000
1.000000,0.013390,-0.002643,-0.007404,-0.000661,0.001153,0.009907,0.002579,-0.011993,0.008089,0.006863,0.000000
1.000000,0.018062,-0.000580,-0.004285,0.000486,0.001224,0.008900,0.002160,-0.007340,0.004527,0.003769,0.000000
1.000000,-0.024983,-0.000149,-0.006202,-0.001189,0.000617,0.008395,0.002735,-0.010220,0.005532,0.003350,0.000000
1.000000,-0.018776,-0.002262,-0.006103,-0.002801,-0.001756,0.008248,0.000493,-0.012469,0.004022,0.004532,0.000000
1.000000,-0.009905,-0.004442,-0.004638,-0.003260,-0.002134,0.008217,0.000382,-0.012220,0.004254,0.004036,0.000000
1.000000,-0.001533,-0.007427,-0.005035,-0.003860,-0.001475,0.008147,0.000441,-0.012231,0.004084,0.003937,0.000000
1.000000,-0.011570,-0.013353,-0.006967,-0.006206,-0.001615,0.008018,0.000716,-0.011620,0.003743,0.002182,0.000000
1.000000,0.008241,-0.006708,-0.003429,-0.006418,-0.000961,0.008033,0.000613,-0.012016,0.003831,0.002500,0.000000
1.000000,0.015019,0.000051,-0.001106,-0.005157,-0.001175,0.008613,0.000403,-0.011358,0.005564,0.001817,0.000000
1.000000,0.001010,0.002234,-0.001104,-0.005061,-0.001529,0.008731,-0.000429,-0.011089,0.006307,-0.000201,0.000000
1.000000,0.019496,0.006439,-0.000494,-0.003949,-0.000605,0.008674,0.000566,-0.011463,0.005545,0.001721,0.000000
1.000000,0.001978,0.009149,-0.002102,-0.003194,-0.000377,0.008564,-0.000189,-0.011295,0.004218,0.001938,0.000000
1.000000,0.001481,0.007797,0.000544,-0.002829,-0.000611,0.008761,-0.000444,-0.010992,0.004980,0.001434,0.000000
1.000000,-0.001481,0.004497,0.002274,-0.001914,-0.001109,0.008549,-0.000668,-0.010551,0.006117,0.000993,0.000000
1.000000,-0.032386,-0.002182,0.000026,-0.002306,-0.002165,0.009191,-0.000726,-0.009815,0.005396,0.000425,0.000000
1.000000,0.010155,-0.004051,0.001194,-0.001920,-0.002175,0.009255,-0.000596,-0.008790,0.005700,0.000145,0.000000
1.000000,0.000757,-0.004295,0.002427,-0.002270,-0.003328,0.008158,0.001037,-0.009113,0.003420,0.007034,0.000000
1.000000,-0.011168,-0.006825,0.000486,-0.001471,-0.004117,0.008222,0.001078,-0.009133,0.004321,0.006560,0.000000
1.000000,-0.011552,-0.008839,-0.002171,-0.001638,-0.004161,0.008261,0.001110,-0.009088,0.003436,0.007418,0.000000
1.000000,0.005664,-0.001229,-0.001706,-0.001405,-0.003942,0.008331,0.001016,-0.008631,0.003368,0.007184,0.000000
1.000000,-0.004116,-0.004083,-0.004067,-0.002280,-0.003988,0.007712,0.001334,-0.009288,0.001156,0.009812,0.000000
1.000000,-0.000516,-0.004337,-0.004316,-0.003209,-0.003568,0.007144,0.002018,-0.007521,0.001085,0.007195,0.000000
1.000000,-0.014288,-0.004961,-0.005893,-0.002674,-0.003850,0.007481,0.000775,-0.009502,0.001971,0.008622,0.000000
1.000000,-0.004984,-0.003648,-0.006243,-0.001985,-0.003357,0.007694,0.000468,-0.007378,0.000977,0.007698,0.000000
1.000000,0.010463,-0.002688,-0.001958,-0.000966,-0.002190,0.006537,0.000660,-0.007198,-0.000283,0.006824,0.000000
1.000000,-0.006265,-0.003118,-0.003600,-0.001203,-0.002480,0.006528,0.000708,-0.007060,-0.000282,0.006599,0.000000
1.000000,0.033980,0.003781,-0.000278,0.001074,-0.001606,0.006778,0.001969,-0.005000,0.015699,-0.013713,0.000000
1.000000,-0.023042,0.002030,-0.001466,-0.000490,-0.001469,0.007455,0.002542,-0.003461,0.016813,-0.018084,0.000000
1.000000,0.006454,0.004318,0.000335,-0.000918,-0.000980,0.007050,0.001740,-0.002230,0.012082,-0.017832,0.000000
1.000000,-0.003093,0.001607,-0.000541,-0.001123,-0.001117,0.008192,0.001782,-0.001836,0.010654,-0.012530,0.000000
1.000000,-0.003879,0.002084,-0.000517,-0.002292,-0.001692,0.007945,0.001497,-0.001670,0.010391,-0.013282,0.000000
1.000000,0.020011,-0.000710,0.001536,-0.001390,-0.001628,0.006650,0.000304,-0.000880,0.008446,-0.017901,0.000000
1.000000,0.012871,0.006473,0.004252,-0.000821,-0.000366,0.006598,0.001352,-0.000079,0.009559,-0.018520,0.000000
1.000000,-0.016943,0.001793,0.003056,-0.001594,-0.000305,0.004099,0.005182,-0.001314,0.007675,-0.012220,0.000000
1.000000,-0.015680,-0.000724,0.000441,-0.000758,-0.000497,0.004654,0.004241,-0.001772,0.005678,-0.010628,0.000000
1.000000,-0.001037,-0.000156,0.000964,-0.001318,-0.000481,0.004716,0.002704,-0.003355,0.002756,-0.007617,0.000000
1.000000,-0.004418,-0.005041,-0.002876,-0.001577,-0.000242,0.005328,0.002084,-0.003568,0.002394,-0.006503,0.000000
1.000000,0.000260,-0.007563,-0.000545,-0.001005,-0.000508,0.005341,0.002453,-0.003363,0.003090,-0.007087,0.000000
1.000000,0.021384,0.000102,0.000948,0.000641,-0.000296,0.005478,0.002819,-0.004266,0.002572,-0.004060,0.000000
1.000000,0.013923,0.006022,0.002649,0.001054,0.000134,0.004929,0.000957,-0.003885,0.000936,-0.007560,0.000000
1.000000,-0.030371,0.000156,-0.000000,-0.000258,-0.001528,0.004987,0.004988,-0.001187,0.002657,-0.007511,0.000000
1.000000,-0.002595,0.000520,-0.002261,-0.000362,-0.001680,0.005040,0.004934,-0.001201,0.002624,-0.007405,0.000000
1.000000,0.001039,0.000676,-0.003444,0.000404,-0.001695,0.004988,0.004820,-0.001147,0.002294,-0.007078,0.000000
1.000000,-0.004943,-0.004590,-0.002244,0.000406,-0.001810,0.005333,0.003921,-0.001664,0.002386,-0.006326,0.000000
1.000000,-0.008381,-0.009050,-0.001514,-0.000536,-0.001010,0.005420,0.003994,-0.001560,0.002383,-0.006240,0.000000
1.000000,0.006815,-0.001613,-0.000729,0.000118,-0.001122,0.005670,0.004200,0.000718,0.003726,-0.010279,0.000000
1.000000,0.018378,0.002581,0.001551,-0.000662,-0.000534,0.005765,0.002378,0.001052,0.002089,-0.011867,0.000000
1.000000,0.038984,0.010170,0.005423,0.002439,0.001137,0.005771,0.003873,-0.000098,0.002628,-0.009664,0.000000
1.000000,-0.001728,0.010813,0.003112,0.002030,0.001465,0.006062,0.003679,0.001057,0.003875,-0.011451,0.000000
1.000000,-0.002474,0.011995,0.001472,0.002061,0.001194,0.006298,0.003503,0.001124,0.004066,-0.011642,0.000000
1.000000,0.012309,0.013094,0.005740,0.002870,0.001741,0.007243,0.004077,0.001633,0.004449,-0.011878,0.000000
1.000000,0.000734,0.009565,0.006073,0.001906,0.001783,0.006971,0.003525,0.002196,0.002953,-0.012623,0.000000
1.000000,-0.001468,0.001475,0.005822,0.001189,0.002210,0.007111,0.003537,0.002479,0.003053,-0.012517,0.000000
1.000000,-0.000735,0.001673,0.006243,0.002000,0.002352,0.007376,0.004022,0.002536,0.002889,-0.010009,0.000000
1.000000,-0.006145,0.000939,0.006467,0.002477,0.001798,0.007044,0.004076,0.003559,0.003260,-0.012573,0.000000
1.000000,0.010546,0.000586,0.006840,0.003056,0.002358,0.007229,0.004178,0.003862,0.002919,-0.012101,0.000000
1.000000,0.016693,0.003778,0.006672,0.004111,0.001782,0.007349,0.004460,0.003997,0.002979,-0.011923,0.000000
1.000000,0.003831,0.004838,0.003156,0.004290,0.002678,0.005857,0.005154,0.004823,0.002804,-0.014257,0.000000
1.000000,-0.004071,0.004171,0.002922,0.003017,0.002327,0.005564,0.006106,0.005062,0.003761,-0.014870,0.000000
1.000000,-0.017674,0.001865,0.001402,0.001437,0.001841,0.006386,0.006291,0.005351,0.004682,-0.013854,0.000000
1.000000,-0.010559,-0.002356,-0.000885,0.002428,0.001619,0.006811,0.006038,0.005095,0.005120,-0.013186,0.000000
1.000000,-0.008179,-0.007330,-0.001776,0.002149,0.000679,0.008183,0.005827,0.002073,0.006961,-0.008491,0.000000
1.000000,0.014822,-0.005132,-0.000147,0.002838,0.000744,0.008993,0.005477,0.004319,0.005336,-0.007934,0.000000
1.000000,0.012671,-0.001784,0.001194,0.003718,0.001731,0.008953,0.006710,0.007081,0.006037,-0.008800,0.000000
1.000000,0.002901,0.002331,0.002098,0.004283,0.002350,0.008809,0.006938,0.007766,0.006360,-0.009024,0.000000
1.000000,-0.006297,0.003184,0.000414,0.003627,0.002175,0.008947,0.006837,0.007436,0.006059,-0.007820,0.000000
1.000000,-0.011730,0.002473,-0.002428,0.002122,0.001931,0.008863,0.006601,0.007623,0.005941,-0.008836,0.000000
1.000000,-0.004435,-0.001378,-0.003255,-0.000049,0.001775,0.009077,0.006912,0.008897,0.006379,-0.010115,0.000000
1.000000,0.013489,-0.001214,-0.001499,0.000711,0.001512,0.007409,0.005826,0.005311,0.003023,-0.006981,0.000000
1.000000,0.011384,0.000482,0.001407,0.001404,0.001427,0.007902,0.006503,0.005088,0.003290,-0.005210,0.000000
1.000000,-0.004829,0.000776,0.001980,0.000548,0.002278,0.007795,0.006112,0.004891,0.002698,-0.004204,0.000000
1.000000,0.006513,0.004425,0.003449,0.000836,0.002582,0.007823,0.006210,0.004930,0.002852,-0.004259,0.000000
1.000000,0.009334,0.007178,0.002900,0.001377,0.002859,0.007437,0.006406,0.005243,0.002510,-0.005843,0.000000
1.000000,0.013487,0.007178,0.002982,0.002088,0.003473,0.008238,0.006685,0.004385,0.002744,-0.005873,0.000000
1.000000,-0.014678,0.001965,0.001224,0.001661,0.003263,0.006223,0.007278,0.005112,0.002903,-0.009761,0.000000
1.000000,0.000000,0.002931,0.001853,0.001134,0.003036,0.005924,0.007159,0.005333,0.002737,-0.010692,0.000000
1.000000,-0.020480,-0.002468,0.000978,-0.000725,0.001741,0.006129,0.007065,0.004330,0.001706,-0.010780,0.000000
1.000000,-0.005370,-0.005408,0.000885,-0.001185,0.000262,0.007467,0.006398,0.004636,0.002027,-0.013380,0.000000
1.000000,0.002689,-0.007568,-0.000195,-0.000847,0.000409,0.007315,0.006389,0.004713,0.002082,-0.013678,0.000000
1.000000,-0.007841,-0.006201,-0.002118,-0.000355,0.000230,0.007292,0.006371,0.004684,0.002047,-0.013638,0.000000
1.000000,-0.009392,-0.008079,-0.002574,-0.000297,-0.000493,0.007854,0.006403,0.006350,0.003224,-0.016413,0.000000
1.000000,-0.005478,-0.005079,-0.003773,-0.000162,-0.000700,0.008428,0.006141,0.005468,0.002971,-0.014367,0.000000
1.000000,-0.004003,-0.004805,-0.005107,-0.001103,-0.000785,0.008407,0.006591,0.006045,0.002329,-0.012636,0.000000
1.000000,0.019857,-0.001372,-0.004470,-0.000744,-0.000098,0.009818,0.005789,0.005654,0.002569,-0.010590,0.000000
1.000000,-0.034249,-0.006653,-0.006427,-0.002602,-0.001035,0.012025,0.004804,0.005677,0.002720,-0.010926,0.000000
1.000000,0.002794,-0.004216,-0.006147,-0.002147,-0.001293,0.011158,0.005005,0.006755,0.002606,-0.011361,0.000000
1.000000,-0.002285,-0.003577,-0.004328,-0.001675,-0.001926,0.010771,0.005984,0.006221,0.000567,-0.005544,0.000000
1.000000,0.013132,-0.000150,-0.002478,-0.000796,-0.001616,0.010776,0.006260,0.005605,0.001239,-0.003326,0.000000
1.000000,0.016176,-0.000887,-0.001129,-0.000662,-0.000941,0.009815,0.006185,0.003276,-0.004202,0.003810,0.000000
1.000000,-0.031088,-0.000254,-0.003454,-0.002786,-0.001388,0.010193,0.006597,0.003230,-0.002989,0.003336,0.000000
1.000000,-0.021622,-0.005138,-0.004677,-0.003625,-0.001757,0.011104,0.006836,0.002735,-0.001823,0.004197,0.000000
1.000000,-0.020771,-0.008835,-0.006206,-0.004990,-0.002177,0.011763,0.008234,0.001961,0.001981,0.006474,0.000000
1.000000,-0.004527,-0.012367,-0.006259,-0.005683,-0.002822,0.012019,0.007270,0.001495,0.000933,0.005718,0.000000
1.000000,-0.011812,-0.017964,-0.009425,-0.006948,-0.003638,0.012828,0.006775,0.000272,0.003517,0.005395,0.000000
1.000000,-0.021841,-0.016115,-0.008185,-0.007306,-0.004463,0.012286,0.007188,0.000493,0.004013,0.005314,0.000000
1.000000,-0.001934,-0.012177,-0.008657,-0.007402,-0.004317,0.012619,0.007076,0.000664,0.003396,0.007806,0.000000
1.000000,0.009085,-0.006206,-0.007520,-0.005924,-0.003623,0.012576,0.007281,0.000894,0.004170,0.005336,0.000000
1.000000,-0.008255,-0.006952,-0.009659,-0.006068,-0.003751,0.012670,0.007403,0.000621,0.004285,0.005777,0.000000
1.000000,-0.007210,-0.006031,-0.011998,-0.006563,-0.004441,0.012412,0.006847,0.000608,0.004677,0.002595,0.000000
1.000000,0.000835,-0.001496,-0.008805,-0.006130,-0.004792,0.011641,0.009307,0.000261,0.007049,0.001699,0.000000
1.000000,0.018733,0.002637,-0.004770,-0.004723,-0.004007,0.011720,0.007467,-0.002236,0.007486,0.001520,0.000000
1.000000,-0.002733,0.000274,-0.002966,-0.004586,-0.004315,0.012168,0.006717,-0.002118,0.006262,0.003464,0.000000
1.000000,0.000274,0.001980,-0.002486,-0.004372,-0.004617,0.012147,0.006491,-0.002215,0.006755,0.002695,0.000000
1.000000,0.000274,0.003476,-0.001277,-0.005351,-0.005058,0.012289,0.007365,-0.001224,0.006454,0.003474,0.000000
1.000000,0.016547,0.006619,0.002561,-0.002812,-0.004017,0.013335,0.007156,-0.001738,0.004661,0.008199,0.000000
1.000000,-0.006207,0.001631,0.002134,-0.003262,-0.004224,0.013381,0.007186,-0.001743,0.004262,0.009024,0.000000
1.000000,0.016378,0.005453,0.002864,-0.002328,-0.002995,0.013506,0.006934,-0.001972,0.005877,0.009200,0.000000
1.000000,0.032747,0.011948,0.006964,-0.001348,-0.001724,0.013650,0.005230,-0.001308,0.008454,0.003161,0.000000
1.000000,0.005141,0.012921,0.008199,-0.001899,-0.001643,0.014025,0.005090,-0.000842,0.007000,0.004183,0.000000
1.000000,0.000513,0.009714,0.008167,-0.000319,-0.001364,0.013976,0.005048,-0.001075,0.007112,0.004035,0.000000
1.000000,0.003837,0.011723,0.006677,0.000954,-0.000923,0.013640,0.005488,-0.001473,0.007171,0.004964,0.000000
1.000000,-0.005632,0.007321,0.006387,0.001711,-0.000928,0.013316,0.005819,-0.001645,0.007000,0.005306,0.000000
1.000000,-0.002056,0.000360,0.006154,0.001834,-0.000863,0.013341,0.005723,-0.001657,0.007249,0.005201,0.000000
1.000000,0.001029,-0.000462,0.006230,0.002476,-0.001491,0.013395,0.005754,-0.001875,0.007131,0.006020,0.000000
1.000000,0.001027,-0.000359,0.004678,0.003620,-0.000315,0.013354,0.005714,-0.001572,0.007319,0.004958,0.000000
1.000000,0.005888,0.000051,0.005887,0.004011,-0.000212,0.013493,0.006500,-0.001028,0.007492,0.004812,0.000000
1.000000,-0.002044,0.000769,0.004045,0.003454,-0.000204,0.013325,0.005776,-0.001641,0.007136,0.005330,0.000000
1.000000,-0.021718,-0.003164,-0.001402,0.002781,-0.001366,0.013037,0.006465,-0.000796,0.008637,0.000267,0.000000
1.000000,0.011693,-0.001031,-0.000746,0.003726,-0.001515,0.012892,0.006488,-0.001537,0.009819,0.000177,0.000000
1.000000,0.004382,-0.000360,-0.000359,0.003904,-0.000333,0.012537,0.005992,-0.001969,0.009287,-0.000547,0.000000
1.000000,0.004363,-0.000665,-0.000307,0.003185,0.000533,0.012256,0.006129,-0.002397,0.008759,-0.000584,0.000000
1.000000,0.001535,0.000051,0.000410,0.003399,0.001277,0.012018,0.005830,-0.003234,0.009968,-0.000894,0.000000
1.000000,0.007388,0.005872,0.001354,0.003754,0.001674,0.012240,0.005572,-0.002441,0.009107,0.000066,0.000000
1.000000,0.005316,0.004597,0.001783,0.004006,0.002245,0.012097,0.004750,-0.004292,0.011252,-0.001228,0.000000
1.000000,-0.013983,0.000924,0.000282,0.002480,0.002507,0.012437,0.004509,-0.004229,0.011952,-0.002506,0.000000
1.000000,0.004343,0.000920,0.000128,0.003007,0.002716,0.012833,0.004212,-0.004259,0.012450,0.000045,0.000000
1.000000,-0.002552,0.000102,0.000077,0.002061,0.002328,0.012549,0.005698,-0.003702,0.011899,0.002291,0.000000
1.000000,0.056391,0.009903,0.007888,0.003243,0.004483,0.012261,0.004752,-0.004453,0.009009,0.000520,0.000000
1.000000,-0.000483,0.008743,0.006670,0.002962,0.004708,0.013347,0.006221,-0.001967,0.010186,-0.000297,0.000000
1.000000,-0.008494,0.009841,0.005382,0.002511,0.004397,0.013280,0.006218,-0.002510,0.010004,0.000807,0.000000
1.000000,-0.028429,0.003287,0.002103,0.000898,0.002824,0.014009,0.006506,-0.001515,0.008704,0.000834,0.000000
1.000000,0.004254,0.004648,0.002375,0.001392,0.003057,0.013251,0.005928,-0.001157,0.008932,-0.002837,0.000000
1.000000,-0.002250,-0.007080,0.001411,0.001383,0.002973,0.012963,0.006094,-0.000038,0.007202,0.000033,0.000000
1.000000,-0.013098,-0.009603,-0.000430,0.000676,0.002528,0.012522,0.006405,-0.000115,0.007365,0.000276,0.000000
1.000000,0.007578,-0.006389,0.001726,0.001004,0.002229,0.012525,0.005587,-0.002123,0.006379,0.003824,0.000000
1.000000,-0.008339,-0.002371,0.000458,0.000293,0.002157,0.013154,0.006038,-0.001734,0.005722,0.006417,0.000000
1.000000,-0.014826,-0.006187,-0.000770,-0.000346,0.001117,0.013208,0.005643,-0.002110,0.007667,0.006287,0.000000
1.000000,-0.007237,-0.007185,-0.007132,0.000378,-0.000215,0.012455,0.005881,-0.001160,0.007872,0.004024,0.000000
1.000000,0.011862,-0.002193,-0.005898,0.000386,0.000009,0.012399,0.006642,-0.000822,0.007929,0.003507,0.000000
1.000000,0.021304,0.000553,-0.002918,0.001232,0.000702,0.012868,0.005920,-0.001962,0.007639,0.004533,0.000000
1.000000,0.012717,0.004764,0.001196,0.001650,0.000998,0.012764,0.004495,-0.002141,0.007079,0.004400,0.000000
1.000000,-0.012717,0.005186,-0.000501,0.000937,0.000761,0.012666,0.004701,-0.001911,0.007918,0.003398,0.000000
1.000000,0.025274,0.011688,0.002252,0.001832,0.001672,0.012880,0.004806,-0.002263,0.008145,0.003661,0.000000
1.000000,-0.026027,0.004110,0.000959,0.000264,0.000771,0.012461,0.005234,-0.003271,0.007687,0.003511,0.000000
1.000000,-0.035011,-0.007153,-0.003300,-0.000787,-0.000431,0.012022,0.002962,-0.005048,0.003819,0.003177,0.000000
1.000000,-0.021823,-0.014061,-0.004648,-0.002095,-0.001354,0.012531,0.002919,-0.005739,0.004242,0.002832,0.000000
1.000000,0.019740,-0.007569,-0.001192,-0.000981,-0.000628,0.012974,0.004434,-0.006223,0.006062,0.004808,0.000000
1.000000,0.035082,-0.005608,0.003040,-0.002046,0.001265,0.011883,0.006171,-0.010726,0.005435,0.005136,0.000000
1.000000,-0.001511,-0.000704,0.001703,-0.002098,0.000825,0.011814,0.005990,-0.009625,0.006796,0.002227,0.000000
1.000000,0.043882,0.015074,0.003961,0.000521,0.002142,0.011961,0.000143,-0.014765,-0.003119,0.011613,0.000000
1.000000,0.035308,0.026500,0.006220,0.003708,0.003173,0.012414,0.000244,-0.013843,-0.001508,0.008810,0.000000
1.000000,0.000233,0.022599,0.007515,0.003507,0.003130,0.010898,-0.000556,-0.014062,-0.004192,0.008829,0.000000
1.000000,-0.003731,0.014836,0.004614,0.003433,0.002759,0.010649,-0.000514,-0.016345,-0.004747,0.011501,0.000000
1.000000,0.011845,0.017507,0.008401,0.004680,0.002977,0.009642,-0.002031,-0.014540,-0.009913,0.007314,0.000000
1.000000,0.010337,0.010798,0.012936,0.004818,0.003787,0.009826,-0.001737,-0.014449,-0.009091,0.006745,0.000000
1.000000,0.000457,0.003828,0.015164,0.005258,0.003658,0.009813,-0.001796,-0.014315,-0.009280,0.006727,0.000000
1.000000,0.003193,0.004420,0.013509,0.006159,0.003849,0.009346,-0.002886,-0.015487,-0.009794,0.007190,0.000000
1.000000,-0.011450,0.002876,0.008856,0.005948,0.001588,0.009160,-0.002928,-0.015941,-0.010359,0.007216,0.000000
1.000000,-0.001613,0.000185,0.008846,0.005274,0.001550,0.009254,-0.002314,-0.012663,-0.007422,0.002781,0.000000
1.000000,-0.006248,-0.003132,0.003833,0.003897,0.001625,0.008632,-0.003082,-0.013640,-0.009517,0.003479,0.000000
1.000000,0.005556,-0.002113,0.000858,0.003539,0.002758,0.008201,-0.003499,-0.012860,-0.011235,0.002072,0.000000
1.000000,-0.014416,-0.005634,-0.000607,0.003454,0.002136,0.008313,-0.003459,-0.011656,-0.011856,-0.000059,0.000000
1.000000,0.000702,-0.003204,-0.000164,0.002225,0.002234,0.008596,-0.003070,-0.011878,-0.011173,0.002181,0.000000
1.000000,0.027469,0.002613,0.001399,0.004900,0.003586,0.008790,-0.003680,-0.012329,-0.011943,0.000439,0.000000
1.000000,0.014018,0.006666,0.001767,0.007351,0.003801,0.008643,-0.003757,-0.010403,-0.013012,-0.001486,0.000000
1.000000,0.016699,0.008894,0.003391,0.009278,0.004636,0.008617,-0.003899,-0.010023,-0.012675,-0.003105,0.000000
1.000000,0.023998,0.016577,0.005471,0.009490,0.005930,0.008398,-0.004368,-0.009219,-0.012314,-0.006332,0.000000
1.000000,-0.018054,0.012826,0.004811,0.006834,0.005569,0.007472,-0.006101,-0.008418,-0.018439,-0.006288,0.000000
1.000000,0.002193,0.007771,0.005192,0.007019,0.005247,0.007503,-0.006054,-0.008652,-0.017901,-0.006322,0.000000
1.000000,-0.000438,0.004879,0.005773,0.004803,0.004522,0.007508,-0.005957,-0.009496,-0.017570,-0.005453,0.000000
1.000000,0.000000,0.001540,0.005217,0.003037,0.004098,0.007534,-0.005754,-0.009587,-0.017213,-0.005538,0.000000
1.000000,0.001095,-0.003041,0.006768,0.003081,0.004559,0.007583,-0.005898,-0.008068,-0.016967,-0.007824,0.000000
1.000000,0.001312,0.000832,0.006829,0.003333,0.003760,0.007479,-0.005857,-0.008282,-0.017870,-0.007783,0.000000
1.000000,0.026317,0.005657,0.006714,0.004056,0.005505,0.007859,-0.004292,-0.007726,-0.016178,-0.007512,0.000000
1.000000,0.006790,0.007103,0.005991,0.003879,0.006898,0.007851,-0.004193,-0.007791,-0.016094,-0.007427,0.000000
1.000000,0.004641,0.008031,0.004785,0.004088,0.007780,0.007793,-0.004504,-0.006758,-0.016630,-0.008834,0.000000
1.000000,-0.010580,0.005696,0.001328,0.003400,0.006769,0.007748,-0.004590,-0.005860,-0.016956,-0.010777,0.000000
1.000000,-0.003196,0.004795,0.002813,0.003812,0.005494,0.007729,-0.004665,-0.005869,-0.017407,-0.007374,0.000000
1.000000,0.008077,0.001146,0.003402,0.004297,0.005813,0.007776,-0.004748,-0.007489,-0.016655,-0.005830,0.000000
1.000000,-0.020747,-0.004361,0.001371,0.003572,0.003659,0.008064,-0.004286,-0.007755,-0.015380,-0.006920,0.000000
1.000000,0.008393,-0.003611,0.002210,0.003714,0.002762,0.007929,-0.004324,-0.007965,-0.015481,-0.007127,0.000000
1.000000,-0.007961,-0.003087,0.001305,0.004036,0.002489,0.007938,-0.004486,-0.008758,-0.015620,-0.006620,0.000000
1.000000,-0.011297,-0.004707,0.000044,0.003436,0.002236,0.008017,-0.004318,-0.009771,-0.016145,-0.004787,0.000000
1.000000,-0.004818,-0.007286,-0.003070,0.001822,0.001681,0.008198,-0.004204,-0.009969,-0.013586,-0.005859,0.000000
1.000000,-0.000879,-0.003312,-0.003837,0.001077,0.001307,0.007828,-0.004570,-0.009880,-0.014766,-0.005626,0.000000
1.000000,0.006789,-0.003633,-0.003622,0.000582,0.001518,0.007547,-0.004660,-0.009702,-0.016101,-0.009701,0.000000
1.000000,-0.054031,-0.012847,-0.007967,-0.003320,-0.000389,0.009761,-0.003600,-0.006871,-0.012165,-0.014312,0.000000
1.000000,-0.002075,-0.011003,-0.007855,-0.002521,-0.000077,0.010008,-0.002697,-0.006816,-0.008968,-0.012140,0.000000
1.000000,-0.023591,-0.014757,-0.011022,-0.003810,-0.000809,0.010528,-0.002974,-0.006304,-0.009586,-0.011304,0.000000
1.000000,-0.015002,-0.017582,-0.010447,-0.004538,-0.001101,0.010480,-0.003410,-0.005887,-0.009771,-0.012429,0.000000
1.000000,-0.008675,-0.020675,-0.012154,-0.004972,-0.001576,0.010212,-0.003080,-0.005631,-0.009098,-0.011068,0.000000
1.000000,0.042408,-0.001387,-0.007117,-0.002906,0.000319,0.010841,-0.002702,-0.004974,-0.008820,-0.012006,0.000000
1.000000,0.013135,0.001655,-0.004674,-0.002315,0.000733,0.010576,-0.001074,-0.007067,-0.005345,-0.010575,0.000000
1.000000,-0.000229,0.006328,-0.004215,-0.003642,-0.000190,0.010884,-0.000976,-0.007304,-0.004762,-0.010738,0.000000
1.000000,0.002059,0.009740,-0.003921,-0.003879,-0.000589,0.010969,-0.001174,-0.006403,-0.004182,-0.013605,0.000000
1.000000,-0.008722,0.009730,-0.005472,-0.004547,-0.001436,0.011056,-0.000926,-0.005831,-0.002707,-0.014928,0.000000
1.000000,-0.000231,0.001203,-0.000092,-0.004030,-0.002244,0.010807,-0.001718,-0.005090,-0.003437,-0.016652,0.000000
1.000000,0.008952,0.000366,0.001011,-0.003422,-0.001344,0.011140,-0.001488,-0.006088,-0.003469,-0.014529,0.000000
1.000000,0.011587,0.002729,0.004528,-0.003247,-0.001031,0.011271,-0.001283,-0.004745,-0.002441,-0.015452,0.000000
1.000000,0.003833,0.003084,0.006412,-0.002018,-0.000888,0.011025,-0.001127,-0.004700,-0.003085,-0.013829,0.000000
1.000000,0.008291,0.006487,0.008108,-0.002023,-0.000612,0.010786,-0.000462,-0.006321,-0.004079,-0.012172,0.000000
1.000000,-0.011672,0.004198,0.002700,-0.002208,-0.001037,0.011204,0.000126,-0.006811,-0.003025,-0.011334,0.000000
1.000000,-0.007706,0.000866,0.000616,-0.002029,-0.001338,0.010732,0.000159,-0.007295,-0.003268,-0.011072,0.000000
1.000000,-0.008454,-0.003142,-0.000206,-0.002211,-0.002497,0.010321,-0.000126,-0.007109,-0.003090,-0.012359,0.000000
1.000000,0.048156,0.005723,0.004403,0.000241,-0.001118,0.011340,0.001207,-0.008919,0.001795,-0.009790,0.000000
1.000000,0.024410,0.008947,0.007717,0.001122,-0.000459,0.011288,0.001200,-0.008914,0.001709,-0.009747,0.000000
1.000000,-0.001495,0.010982,0.007590,0.003749,-0.000156,0.011039,0.000326,-0.008225,0.000962,-0.011954,0.000000
1.000000,0.005966,0.013717,0.007292,0.004151,0.000149,0.011590,-0.000464,-0.006729,0.002677,-0.009307,0.000000
1.000000,-0.016926,0.012022,0.004440,0.004484,-0.000684,0.011577,-0.000934,-0.007251,0.000768,-0.008390,0.000000
1.000000,-0.011300,0.000131,0.002927,0.004669,-0.000369,0.010579,0.001720,-0.004514,0.003000,-0.013685,0.000000
1.000000,-0.074377,-0.019626,-0.005340,0.001384,-0.003128,0.010494,0.002246,-0.006098,-0.002144,-0.016641,0.000000
1.000000,0.016807,-0.015966,-0.002492,0.000104,-0.002303,0.011507,0.001365,-0.004758,-0.000697,-0.019844,0.000000
1.000000,-0.020344,-0.021228,-0.003756,-0.001570,-0.002604,0.012215,0.003976,-0.007298,-0.000323,-0.010012,0.000000
1.000000,0.021963,-0.013450,-0.000714,-0.000460,-0.001712,0.012479,0.002623,-0.004165,0.000373,-0.015440,0.000000
1.000000,0.012859,-0.008618,-0.004244,0.000080,-0.001254,0.012187,0.002744,-0.004459,0.000492,-0.015254,0.000000
1.000000,-0.002284,0.005800,-0.006913,0.000402,-0.001556,0.012414,0.002676,-0.004546,0.000310,-0.013676,0.000000
1.000000,0.026181,0.007675,-0.004145,0.001722,0.001118,0.012821,0.004524,-0.004220,-0.000764,-0.013312,0.000000
1.000000,0.001113,0.011966,-0.004631,0.001330,0.001224,0.012305,0.005324,-0.005381,-0.002979,-0.008170,0.000000
1.000000,-0.006250,0.006324,-0.003563,0.000439,0.001802,0.012473,0.005231,-0.007697,-0.004128,-0.005095,0.000000
1.000000,0.034118,0.010576,0.000979,0.001953,0.003439,0.013342,0.006175,-0.005124,-0.000671,-0.009689,0.000000
1.000000,-0.028536,0.005325,0.005563,0.000111,0.002777,0.013902,0.007005,-0.006229,0.000256,-0.007080,0.000000
1.000000,-0.006030,-0.001117,0.003279,0.000394,0.001163,0.013638,0.007166,-0.008100,-0.000269,-0.005270,0.000000
1.000000,0.017542,0.002169,0.007068,0.001656,0.001309,0.013504,0.007236,-0.008099,-0.000431,-0.006771,0.000000
1.000000,0.022634,0.007946,0.007135,0.003210,0.002072,0.013220,0.007443,-0.007628,0.000713,-0.007161,0.000000
1.000000,-0.000430,0.001036,0.005806,0.000781,0.001989,0.013194,0.007683,-0.008569,0.003100,-0.006282,0.000000
1.000000,0.033241,0.013391,0.009358,0.001223,0.003387,0.012395,0.007728,-0.005173,0.002608,-0.010826,0.000000
1.000000,0.008708,0.016339,0.007611,0.001733,0.003685,0.012126,0.007263,-0.004937,0.001350,-0.009763,0.000000
1.000000,0.019220,0.016675,0.009422,0.002395,0.004028,0.012417,0.008678,-0.005901,0.003262,-0.008132,0.000000
1.000000,-0.004262,0.011295,0.009621,0.003029,0.003499,0.012298,0.008932,-0.005456,0.002798,-0.008406,0.000000
1.000000,0.021926,0.015767,0.008401,0.004690,0.004102,0.012353,0.008940,-0.005251,0.002864,-0.009025,0.000000
1.000000,-0.005587,0.008001,0.010696,0.008129,0.003640,0.012307,0.009939,-0.004833,0.004639,-0.009623,0.000000
1.000000,0.008567,0.007973,0.012156,0.007717,0.004314,0.012379,0.009759,-0.005227,0.004077,-0.009122,0.000000
1.000000,-0.005370,0.003055,0.009865,0.008466,0.004392,0.012156,0.009857,-0.004162,0.002636,-0.009609,0.000000
1.000000,0.001992,0.004306,0.007800,0.007468,0.004740,0.012159,0.008906,-0.004558,0.001819,-0.008850,0.000000
1.000000,0.001591,0.000239,0.008003,0.006904,0.003188,0.012048,0.009239,-0.004249,0.002222,-0.009362,0.000000
1.000000,-0.010388,-0.000722,0.003640,0.006499,0.002028,0.012160,0.009504,-0.005323,0.000637,-0.006970,0.000000
1.000000,0.027920,0.003149,0.005561,0.006586,0.003009,0.012272,0.009319,-0.004759,-0.000967,-0.003588,0.000000
1.000000,-0.010403,0.002142,0.002599,0.006010,0.002463,0.012443,0.009539,-0.004271,0.000676,-0.004147,0.000000
1.000000,-0.011710,-0.000598,0.001854,0.005737,0.002637,0.012021,0.010190,-0.000381,-0.000036,-0.007552,0.000000
1.000000,0.002393,-0.000438,-0.000100,0.004151,0.003093,0.012056,0.010192,-0.000732,-0.000118,-0.006552,0.000000
1.000000,-0.003392,0.000962,0.000120,0.005408,0.005460,0.011727,0.010165,0.000577,-0.000480,-0.008464,0.000000
1.000000,-0.011861,-0.006995,-0.001923,0.005117,0.004504,0.011786,0.010847,0.001399,-0.000342,-0.009032,0.000000
1.000000,0.012060,-0.002502,-0.000180,0.004842,0.005584,0.011539,0.010743,0.001800,-0.000286,-0.010602,0.000000
1.000000,0.001398,0.000120,-0.000239,0.003781,0.004899,0.011479,0.010995,0.001861,-0.001729,-0.009273,0.000000
1.000000,-0.030385,-0.006436,-0.003437,0.002283,0.003457,0.012584,0.011239,-0.000498,-0.000602,-0.007141,0.000000
1.000000,0.002055,-0.005347,-0.002193,0.000724,0.003602,0.012221,0.013735,0.001076,-0.000942,-0.010113,0.000000
1.000000,-0.009072,-0.004789,-0.005892,-0.000165,0.002427,0.011383,0.012143,-0.000034,-0.002299,-0.007663,0.000000
1.000000,-0.001658,-0.007533,-0.005017,-0.001209,0.002334,0.011700,0.011613,-0.001343,-0.001460,-0.006052,0.000000
1.000000,0.027825,-0.002247,-0.001064,0.000395,0.003470,0.011498,0.012710,-0.000903,-0.000465,-0.007098,0.000000
1.000000,-0.007290,0.002372,-0.002032,-0.001066,0.002090,0.011563,0.012682,-0.000924,0.000152,-0.006992,0.000000
1.000000,0.002233,0.002407,-0.001470,-0.000675,0.003116,0.011343,0.013367,-0.000383,0.000215,-0.006907,0.000000
1.000000,-0.009168,0.002388,-0.001200,-0.001562,0.003011,0.011395,0.012160,-0.001681,-0.000552,-0.003938,0.000000
1.000000,0.017448,0.006210,-0.000662,-0.000421,0.003008,0.011936,0.010973,-0.002211,-0.001042,-0.003317,0.000000
1.000000,-0.001409,0.000363,-0.000942,-0.000591,0.002206,0.011930,0.010040,-0.001530,-0.002219,-0.003122,0.000000
1.000000,0.012211,0.004263,0.003317,-0.000060,0.002628,0.012086,0.010274,-0.001399,-0.001375,-0.002851,0.000000
1.000000,-0.014429,0.000931,0.001669,-0.000262,0.001039,0.012131,0.010157,-0.000726,-0.000793,-0.003979,0.000000
1.000000,0.018004,0.006365,0.004377,-0.000758,0.001349,0.011910,0.011316,-0.000098,0.000287,-0.005555,0.000000
1.000000,-0.015182,-0.000161,0.003024,-0.000996,0.000202,0.011375,0.010610,0.001072,0.000682,-0.005460,0.000000
1.000000,-0.005247,-0.000929,-0.000283,-0.000673,0.000169,0.011429,0.010164,0.000224,-0.000066,-0.004497,0.000000
1.000000,0.020231,0.000675,0.002469,0.000219,0.000113,0.011643,0.010220,-0.000579,-0.000111,-0.004538,0.000000
1.000000,0.020801,0.007721,0.004326,0.001428,0.000992,0.012047,0.009736,-0.000715,-0.000115,-0.003864,0.000000
1.000000,0.006196,0.005360,0.005862,0.002331,0.000913,0.011836,0.009960,-0.000420,-0.000237,-0.003060,0.000000
1.000000,0.000772,0.008550,0.004195,0.001767,0.001118,0.012204,0.009880,0.000221,-0.000303,-0.003614,0.000000
1.000000,0.025515,0.014703,0.006887,0.002973,0.001902,0.012547,0.010151,0.000352,-0.002304,-0.001666,0.000000
1.000000,-0.021474,0.006362,0.003519,0.003418,0.001133,0.010975,0.010219,0.002250,-0.006865,-0.001707,0.000000
1.000000,-0.025682,-0.002935,0.002393,0.002031,0.000623,0.010955,0.011235,0.002426,-0.005665,-0.000714,0.000000
1.000000,0.010196,-0.002134,0.001613,0.002995,0.000033,0.011192,0.011572,0.002731,-0.005039,-0.000998,0.000000
1.000000,-0.015135,-0.005316,0.001617,0.002321,-0.000125,0.011310,0.012616,0.005147,-0.003520,-0.005785,0.000000
1.000000,0.000198,-0.010379,0.002162,0.000939,0.000272,0.011352,0.013519,0.005564,-0.000973,-0.006213,0.000000
1.000000,-0.001784,-0.006441,-0.000040,0.001215,0.000133,0.011392,0.013292,0.004830,-0.000582,-0.005432,0.000000
1.000000,0.011048,0.000905,-0.001015,0.001656,0.000614,0.010195,0.009686,0.002335,0.007797,0.008218,0.000000
1.000000,0.009179,0.000701,-0.000717,0.002573,0.001315,0.010217,0.009708,0.002325,0.007773,0.008229,0.000000
1.000000,-0.025398,-0.001351,-0.003334,0.000431,0.000067,0.010386,0.009248,0.002274,0.008969,0.007597,0.000000
1.000000,-0.031807,-0.007752,-0.009066,-0.001089,-0.001040,0.010902,0.012158,0.000615,0.007511,0.009421,0.000000
1.000000,-0.007231,-0.008842,-0.007642,-0.002061,-0.000268,0.010694,0.012206,0.001040,0.004827,0.010377,0.000000
1.000000,0.018692,-0.007313,-0.003204,-0.000405,0.000286,0.010688,0.012062,-0.000246,0.005418,0.011263,0.000000
1.000000,-0.014967,-0.012142,-0.005720,-0.002054,0.000090,0.010416,0.011996,-0.000564,0.007264,0.011368,0.000000
1.000000,-0.035534,-0.014169,-0.007760,-0.003072,-0.001040,0.010153,0.010747,-0.001071,0.006582,0.014001,0.000000
1.000000,0.010010,-0.005806,-0.006779,-0.002309,-0.001633,0.010711,0.010322,0.000579,0.008678,0.009780,0.000000
1.000000,-0.017529,-0.007866,-0.008354,-0.004197,-0.001975,0.009936,0.009890,-0.002389,0.007129,0.016201,0.000000
1.000000,0.003015,-0.011001,-0.009157,-0.005086,-0.001949,0.009923,0.009642,-0.002971,0.006999,0.016127,0.000000
1.000000,-0.006471,-0.009302,-0.010722,-0.005719,-0.001859,0.010384,0.008147,0.000303,0.005037,0.011609,0.000000
1.000000,-0.008912,-0.003978,-0.009073,-0.006204,-0.002737,0.010604,0.008117,0.000190,0.005474,0.013472,0.000000
1.000000,0.022026,-0.001574,-0.003690,-0.006378,-0.001956,0.011416,0.007793,0.000042,0.004502,0.013860,0.000000
1.000000,-0.009227,0.000086,-0.003890,-0.005766,-0.002671,0.011672,0.007944,0.000167,0.003639,0.012913,0.000000
1.000000,-0.023335,-0.005184,-0.008092,-0.005648,-0.002968,0.012322,0.007693,-0.002935,0.005211,0.017996,0.000000
1.000000,-0.000662,-0.004022,-0.006662,-0.006191,-0.003590,0.012750,0.008368,-0.002837,0.005679,0.018134,0.000000
1.000000,0.025721,0.002905,-0.000537,-0.004148,-0.002227,0.012502,0.008964,-0.004020,0.004604,0.022500,0.000000
1.000000,0.021712,0.002842,0.000634,-0.003073,-0.001328,0.013078,0.007674,-0.003728,0.003454,0.020566,0.000000
1.000000,-0.016775,0.001332,0.000709,-0.003822,-0.002561,0.012681,0.006231,-0.004842,0.003511,0.022325,0.000000
1.000000,-0.000214,0.005956,0.000386,-0.004385,-0.003262,0.012691,0.006192,-0.004738,0.002906,0.021656,0.000000
1.000000,-0.001286,0.005832,0.000905,-0.004909,-0.003511,0.012667,0.006314,-0.004969,0.003403,0.022566,0.000000
1.000000,0.013843,0.003456,0.003180,-0.002947,-0.003076,0.012908,0.006248,-0.005458,0.004245,0.021988,0.000000
1.000000,0.006745,0.000463,0.001652,-0.001019,-0.003701,0.012971,0.006205,-0.005642,0.004383,0.023248,0.000000
1.000000,0.017493,0.007316,0.004324,0.000217,-0.002402,0.013258,0.007097,-0.004732,0.004057,0.021218,0.000000
1.000000,0.004737,0.008307,0.007131,-0.000481,-0.001388,0.013175,0.007021,-0.004555,0.004550,0.020314,0.000000
1.000000,0.001642,0.008892,0.007362,0.000350,-0.001674,0.012623,0.006518,-0.005627,0.005288,0.018209,0.000000
1.000000,-0.006999,0.004724,0.004090,0.001777,-0.001402,0.012476,0.006507,-0.006104,0.004104,0.018431,0.000000
1.000000,0.002476,0.003870,0.002166,0.001400,-0.001326,0.012239,0.006645,-0.006425,0.003531,0.017503,0.000000
1.000000,-0.023560,-0.004341,0.001488,0.001098,-0.002052,0.012786,0.006909,-0.005432,0.003768,0.015223,0.000000
1.000000,-0.004652,-0.006219,0.001044,0.000715,-0.002576,0.012720,0.006839,-0.007171,0.004388,0.019544,0.000000
1.000000,0.007181,-0.005111,0.001891,0.001398,-0.002642,0.012664,0.006831,-0.007132,0.003927,0.019877,0.000000
1.000000,-0.018907,-0.007492,-0.001384,0.000898,-0.002426,0.013444,0.007147,-0.006625,0.004926,0.021804,0.000000
1.000000,0.008542,-0.006279,-0.001205,0.000224,-0.001081,0.013415,0.007029,-0.006277,0.005617,0.019979,0.000000
1.000000,0.000425,-0.001482,-0.002912,0.000706,-0.000826,0.012849,0.007302,-0.005557,0.005285,0.018636,0.000000
1.000000,0.004877,0.000423,-0.002898,0.002117,-0.001286,0.012835,0.006988,-0.005486,0.005614,0.018507,0.000000
1.000000,-0.018357,-0.004684,-0.004897,0.001232,-0.001399,0.013824,0.006837,-0.004565,0.005133,0.018547,0.000000
1.000000,0.006228,0.000343,-0.003575,0.000258,-0.000007,0.013715,0.007375,-0.003477,0.003890,0.015917,0.000000
1.000000,-0.010113,-0.003388,-0.004834,-0.001334,-0.000678,0.013166,0.006833,-0.004010,0.003541,0.015018,0.000000
1.000000,0.001944,-0.003084,-0.002283,-0.000398,-0.000029,0.013262,0.006797,-0.003864,0.003744,0.015166,0.000000
1.000000,0.017968,-0.000466,-0.000021,0.000511,0.000470,0.013731,0.006101,-0.004231,0.003345,0.015497,0.000000
1.000000,0.000636,0.003333,-0.000676,0.000607,0.000707,0.013618,0.006388,-0.003897,0.003319,0.014671,0.000000
1.000000,0.005704,0.003228,0.001785,0.000201,0.001194,0.012970,0.007273,-0.003857,0.003530,0.014823,0.000000
1.000000,0.007137,0.006678,0.001645,0.000220,0.000697,0.012264,0.007299,-0.003996,0.002627,0.012573,0.000000
1.000000,-0.005243,0.005240,0.001078,-0.000917,0.000830,0.011735,0.007017,-0.004454,0.001664,0.012326,0.000000
1.000000,-0.011844,-0.000722,-0.000594,-0.001746,0.001213,0.012064,0.008483,-0.002781,0.002841,0.013696,0.000000
1.000000,0.006574,0.000466,0.001899,-0.001499,0.001455,0.012899,0.007073,-0.002128,0.001888,0.015351,0.000000
1.000000,0.027725,0.004870,0.004049,0.000237,0.001521,0.012311,0.009439,-0.003792,0.002823,0.015700,0.000000
1.000000,0.017526,0.006948,0.006813,0.000990,0.001382,0.012588,0.009437,-0.003412,0.002389,0.014721,0.000000
1.000000,-0.010152,0.005966,0.005603,0.001660,0.001603,0.012545,0.008665,-0.002527,0.002708,0.013958,0.000000
1.000000,0.041181,0.016571,0.007924,0.003952,0.002982,0.009633,0.008123,-0.002201,0.004851,0.009748,0.000000
1.000000,0.007415,0.016739,0.008602,0.003963,0.003272,0.009663,0.007773,-0.002715,0.004419,0.009092,0.000000
1.000000,0.010443,0.013283,0.009076,0.005431,0.003159,0.009910,0.007862,-0.002460,0.005615,0.010536,0.000000
1.000000,-0.022372,0.005303,0.006125,0.003885,0.002188,0.009150,0.007944,-0.002770,0.005703,0.007106,0.000000
1.000000,0.004123,0.008158,0.007062,0.004070,0.001743,0.009726,0.007009,-0.002344,0.006672,0.004518,0.000000
1.000000,0.000979,0.000117,0.008344,0.003875,0.001618,0.009123,0.006093,-0.002660,0.005038,0.001969,0.000000
1.000000,0.002151,-0.000935,0.007902,0.004900,0.001634,0.009086,0.005475,-0.002636,0.004695,0.001953,0.000000
1.000000,-0.005287,-0.004081,0.004601,0.004325,0.001692,0.009541,0.003919,-0.003248,0.003204,0.003718,0.000000
1.000000,0.035491,0.007491,0.006397,0.006605,0.002792,0.010544,0.002586,-0.005762,0.004975,0.008331,0.000000
1.000000,-0.007227,0.005221,0.006690,0.006146,0.003336,0.010018,0.002558,-0.006064,0.005227,0.008343,0.000000
1.000000,0.006279,0.006281,0.003199,0.005562,0.003701,0.009866,0.002565,-0.006057,0.004659,0.007079,0.000000
1.000000,0.010941,0.008039,0.003552,0.006077,0.003826,0.009499,0.002396,-0.006215,0.005002,0.006704,0.000000
1.000000,0.002062,0.009509,0.002714,0.005895,0.004525,0.008720,0.001649,-0.006490,0.002853,0.004881,0.000000
1.000000,0.005974,0.003606,0.005548,0.005837,0.004440,0.007793,0.000792,-0.006581,0.002789,0.004269,0.000000
1.000000,-0.007098,0.003632,0.004426,0.005744,0.004189,0.008538,0.002327,-0.005627,0.006530,0.002766,0.000000
1.000000,-0.008849,0.000606,0.003444,0.005894,0.003731,0.008960,0.003194,-0.003080,0.007544,0.005044,0.000000
1.000000,-0.008356,-0.003253,0.002393,0.005147,0.004065,0.009624,0.002722,-0.002285,0.007322,0.006609,0.000000
1.000000,-0.013245,-0.006315,0.001597,0.003099,0.003416,0.009853,0.005430,-0.000764,0.008061,0.003707,0.000000
1.000000,0.004627,-0.006584,-0.001489,0.002454,0.003907,0.009732,0.005354,-0.000909,0.006107,0.005267,0.000000
1.000000,0.022819,-0.000601,0.001515,0.004103,0.004603,0.009620,0.005434,0.002489,0.007818,0.001500,0.000000
1.000000,-0.013819,-0.001595,-0.000494,0.001352,0.003543,0.010346,0.006196,0.005411,0.009602,0.000330,0.000000
1.000000,-0.036692,-0.007262,-0.005258,-0.000853,0.002299,0.011265,0.008553,0.004956,0.012541,0.001250,0.000000
1.000000,-0.000198,-0.004653,-0.005484,-0.001385,0.002102,0.011184,0.008685,0.004341,0.012379,0.002052,0.000000
1.000000,0.008665,-0.003845,-0.005215,0.000167,0.002153,0.010595,0.008982,0.005641,0.011546,0.000306,0.000000
1.000000,0.011890,-0.006031,-0.003316,0.000555,0.002724,0.010487,0.008513,0.005340,0.007471,0.001597,0.000000
1.000000,0.010984,-0.001070,-0.001333,0.001056,0.003485,0.010013,0.008335,0.006857,0.007448,0.001332,0.000000
1.000000,0.016347,0.009538,0.001138,0.001765,0.003811,0.009672,0.010034,0.003490,0.008601,0.003522,0.000000
1.000000,-0.009852,0.007607,0.001477,0.001537,0.002558,0.009342,0.010778,0.006617,0.012310,-0.002877,0.000000
1.000000,-0.023503,0.001173,-0.001336,-0.001413,0.001191,0.008306,0.012803,0.008055,0.016801,-0.008617,0.000000
1.000000,-0.017898,-0.004785,-0.005408,-0.001946,0.000932,0.007605,0.015354,0.009603,0.018539,-0.010629,0.000000
1.000000,-0.006770,-0.008335,-0.004703,-0.002599,-0.000666,0.007502,0.015607,0.006610,0.018222,-0.010672,0.000000
1.000000,-0.002601,-0.012125,-0.001294,-0.003276,-0.001000,0.007468,0.015483,0.006397,0.018300,-0.010363,0.000000
1.000000,0.020816,-0.005991,0.000808,-0.002338,-0.000654,0.007311,0.015483,0.006142,0.017865,-0.009658,0.000000
1.000000,0.009373,0.000584,0.000878,-0.002168,0.000404,0.006833,0.015753,0.007475,0.018519,-0.012375,0.000000
1.000000,0.005427,0.005249,0.000232,-0.001542,0.000448,0.006870,0.015234,0.006993,0.017808,-0.011406,0.000000
1.000000,0.013441,0.009291,0.000478,-0.000427,0.000863,0.006838,0.014629,0.007289,0.018472,-0.012452,0.000000
1.000000,0.002096,0.010231,-0.000947,0.000095,0.000861,0.006712,0.014519,0.006930,0.018761,-0.012470,0.000000
1.000000,0.026298,0.011327,0.002668,0.002072,0.001914,0.006948,0.015061,0.005909,0.018809,-0.013351,0.000000
1.000000,0.030131,0.015479,0.008031,0.003348,0.001735,0.006845,0.013847,0.007763,0.022017,-0.016969,0.000000
1.000000,-0.010852,0.012223,0.008736,0.001664,0.001615,0.006454,0.013833,0.007144,0.020788,-0.014862,0.000000
1.000000,-0.012075,0.007120,0.008205,0.001751,0.001003,0.007223,0.014444,0.007525,0.021289,-0.017135,0.000000
1.000000,-0.016330,0.003434,0.006832,0.002769,0.000094,0.006997,0.014914,0.007249,0.021731,-0.017111,0.000000
1.000000,-0.065125,-0.014850,-0.001762,-0.000477,-0.002146,0.010642,0.011903,0.009090,0.013010,-0.010596,0.000000
1.000000,-0.038678,-0.028612,-0.006567,-0.002844,-0.003634,0.011739,0.009897,0.008148,0.011792,-0.002982,0.000000
1.000000,0.031061,-0.020229,-0.004003,-0.001886,-0.002362,0.011716,0.010068,0.008268,0.011354,-0.002484,0.000000
1.000000,0.031881,-0.011438,-0.002159,-0.000841,-0.001005,0.012030,0.010623,0.008549,0.011110,-0.002387,0.000000
1.000000,-0.017299,-0.011632,-0.004099,-0.002523,-0.001303,0.011253,0.008007,0.008331,0.011634,-0.003860,0.000000
1.000000,0.009277,0.003248,-0.005801,-0.001567,-0.000552,0.011239,0.007671,0.007874,0.011416,-0.003519,0.000000
1.000000,-0.029305,0.005123,-0.011745,-0.001857,-0.001683,0.011075,0.007621,0.007744,0.011325,-0.003460,0.000000
1.000000,0.031464,0.005203,-0.007513,0.000611,-0.001395,0.011300,0.008132,0.007494,0.012921,-0.004966,0.000000
1.000000,0.012275,0.001282,-0.005078,0.001564,-0.000525,0.011376,0.008121,0.007459,0.012906,-0.004470,0.000000
1.000000,-0.024107,-0.000079,-0.005856,0.000488,-0.000106,0.011669,0.006983,0.007040,0.011853,-0.001731,0.000000
1.000000,0.037380,0.005541,0.004395,0.001317,0.001147,0.012049,0.006714,0.006422,0.011357,-0.000792,0.000000
1.000000,-0.013080,0.008787,0.006955,0.000194,0.000422,0.012227,0.006505,0.005931,0.011421,0.000570,0.000000
1.000000,-0.008360,0.000822,0.003013,-0.000495,-0.000253,0.012514,0.007112,0.005610,0.012557,0.001856,0.000000
1.000000,0.019718,0.002310,0.001796,-0.000182,0.000038,0.012621,0.006458,0.003827,0.012267,0.003632,0.000000
1.000000,0.002103,0.007552,0.003737,-0.000181,-0.000436,0.012737,0.006624,0.003615,0.012110,0.003979,0.000000
1.000000,0.000191,0.000115,0.002828,-0.001486,-0.000102,0.012212,0.004987,0.003728,0.010717,0.003397,0.000000
1.000000,-0.001147,0.002501,0.005644,-0.003050,0.000644,0.011747,0.003981,0.003205,0.009330,0.003461,0.000000
1.000000,0.012918,0.006757,0.003789,-0.001862,0.001671,0.012002,0.005274,0.001960,0.009131,0.004379,0.000000
1.000000,-0.023490,-0.001885,0.000213,-0.002433,0.001113,0.012553,0.005274,0.000605,0.007502,0.007484,0.000000
1.000000,-0.003097,-0.002925,0.002314,-0.001771,0.001097,0.012586,0.005088,-0.000411,0.006319,0.009062,0.000000
1.000000,-0.042366,-0.011436,-0.005661,-0.000633,-0.001009,0.012987,0.005553,-0.000463,0.004787,0.009083,0.000000
1.000000,0.007053,-0.009796,-0.003648,0.001654,-0.001087,0.012974,0.005429,-0.000193,0.003989,0.008443,0.000000
1.000000,0.006405,-0.011099,-0.002171,0.000421,-0.001054,0.012963,0.005578,0.000181,0.003915,0.008281,0.000000
1.000000,0.006761,-0.005049,-0.003467,-0.000835,-0.001277,0.012877,0.004504,0.000560,0.003609,0.008906,0.000000
1.000000,-0.058348,-0.016099,-0.009512,-0.002888,-0.003291,0.013686,0.004632,-0.000454,0.000778,0.009806,0.000000
1.000000,-0.012685,-0.010163,-0.010800,-0.003986,-0.004591,0.013572,0.004760,-0.000155,-0.000622,0.008679,0.000000
1.000000,0.023758,-0.006822,-0.008309,-0.001333,-0.004803,0.013286,0.004976,0.001389,-0.003501,0.007024,0.000000
1.000000,0.014439,-0.005215,-0.008157,-0.002184,-0.003960,0.013460,0.004356,0.001293,-0.004822,0.007688,0.000000
1.000000,0.005107,-0.005546,-0.005297,-0.002542,-0.003387,0.013004,0.004238,0.002617,-0.004520,0.004776,0.000000
1.000000,0.026738,0.011471,-0.002314,0.000000,-0.001952,0.012865,0.003785,0.002337,-0.004892,0.004693,0.000000
1.000000,-0.026738,0.008661,-0.000751,-0.003206,-0.000672,0.012994,0.003488,0.000425,-0.004381,0.005246,0.000000
1.000000,0.028324,0.009574,0.001376,-0.001136,0.001561,0.013232,0.004184,0.000329,-0.004280,0.005569,0.000000
1.000000,0.011422,0.008970,0.001878,-0.000147,0.000906,0.013141,0.003993,0.000446,-0.004670,0.005147,0.000000
1.000000,0.005078,0.008965,0.001709,-0.000879,0.000013,0.013185,0.003938,0.000407,-0.004930,0.003948,0.000000
1.000000,-0.002731,0.003071,0.007271,-0.001120,0.000499,0.013116,0.003782,0.000564,-0.005192,0.003183,0.000000
1.000000,-0.007648,0.006889,0.007775,-0.001512,-0.000066,0.013035,0.003288,0.000214,-0.004564,0.003183,0.000000
1.000000,-0.033834,-0.005543,0.002016,-0.003147,-0.000216,0.013249,0.005784,0.001417,0.001380,-0.002641,0.000000
1.000000,0.013751,-0.005077,0.001947,-0.003105,-0.000807,0.013248,0.005484,0.000028,0.005106,-0.001527,0.000000
1.000000,0.005408,-0.005011,0.001977,-0.001660,-0.001036,0.013230,0.005131,-0.000264,0.004815,-0.000925,0.000000
1.000000,0.008157,-0.002833,0.000119,-0.001097,0.000040,0.012840,0.004019,-0.000310,0.003888,-0.001456,0.000000
1.000000,0.026397,0.003976,0.005432,0.002341,-0.000326,0.012959,0.006056,0.002031,0.006362,-0.006268,0.000000
1.000000,0.005197,0.011782,0.003120,0.002248,0.000283,0.012873,0.004716,0.000847,0.006487,-0.004080,0.000000
1.000000,-0.004811,0.008070,0.001496,0.001687,0.000401,0.012631,0.006139,0.001828,0.008588,-0.008058,0.000000
1.000000,0.005387,0.008065,0.001527,0.001618,-0.000077,0.012474,0.005282,0.001524,0.006478,-0.005371,0.000000
1.000000,-0.009252,0.004583,0.000875,0.004073,-0.000455,0.012294,0.004411,0.002705,0.004278,-0.006134,0.000000
1.000000,-0.021531,-0.005002,-0.000513,0.003631,-0.001179,0.012500,0.005308,0.002744,0.005602,-0.005912,0.000000
1.000000,0.012779,-0.003486,0.004148,0.003082,-0.000715,0.012417,0.004260,0.001239,0.005796,-0.002947,0.000000
1.000000,-0.038432,-0.010210,-0.001070,0.000438,-0.002427,0.012798,0.004937,0.000081,0.004516,0.000882,0.000000
1.000000,0.016310,-0.008025,0.000020,0.000999,-0.001100,0.012960,0.005549,-0.001222,0.006359,0.001915,0.000000
1.000000,0.005378,-0.005099,-0.000258,-0.000069,-0.000818,0.012798,0.005237,-0.001139,0.007003,0.001308,0.000000
1.000000,0.001191,-0.000555,-0.002779,0.001327,0.000634,0.012738,0.004940,-0.001383,0.006633,0.001862,0.000000
1.000000,-0.008368,-0.004784,-0.004135,-0.000508,0.000120,0.012999,0.005006,-0.001995,0.006709,0.002769,0.000000
1.000000,-0.018375,-0.000773,-0.005491,-0.001997,-0.000706,0.013023,0.005139,-0.002159,0.007219,0.002452,0.000000
1.000000,-0.011272,-0.006289,-0.007157,-0.002815,-0.001307,0.013123,0.005080,-0.002787,0.007751,0.003522,0.000000
1.000000,-0.014950,-0.010355,-0.007727,-0.003426,0.000140,0.013022,0.004742,-0.002710,0.006879,0.003724,0.000000
1.000000,0.032925,-0.004008,-0.002281,-0.001397,0.001660,0.012949,0.003837,-0.002371,0.004943,0.005962,0.000000
1.000000,0.012872,0.000240,-0.002272,0.000938,0.001297,0.013010,0.003534,-0.003466,0.002722,0.008592,0.000000
1.000000,-0.027144,-0.001514,-0.001143,-0.001107,-0.000089,0.013107,0.003689,-0.003440,0.002782,0.008754,0.000000
1.000000,-0.007213,-0.000702,-0.003496,-0.001738,-0.000500,0.013281,0.003566,-0.003309,0.001173,0.008615,0.000000
1.000000,0.025928,0.007474,-0.001441,-0.000849,-0.000527,0.013774,0.002903,-0.002347,0.003368,0.005011,0.000000
1.000000,-0.001815,0.000526,-0.001741,-0.002260,0.000304,0.013197,0.003243,-0.002827,0.004462,0.005045,0.000000
1.000000,0.020384,0.002028,0.001134,-0.001501,0.000040,0.012789,0.004017,-0.002431,0.004768,0.002282,0.000000
1.000000,0.000791,0.007615,0.003051,-0.001220,-0.000315,0.013257,0.003388,-0.002412,0.005252,0.001463,0.000000
1.000000,0.007876,0.010633,0.004965,-0.001096,-0.000222,0.013056,0.003730,-0.002724,0.005732,0.001720,0.000000
1.000000,0.000784,0.005604,0.006539,-0.000594,-0.000104,0.013063,0.004803,-0.002723,0.005465,0.002248,0.000000
1.000000,0.011883,0.008344,0.004435,0.001077,0.000547,0.013334,0.003980,-0.003794,0.005613,0.002518,0.000000
1.000000,0.005600,0.005387,0.003707,0.000718,0.001861,0.013745,0.003861,-0.003521,0.005777,0.002095,0.000000
1.000000,0.000578,0.005344,0.006480,0.002668,0.001422,0.013545,0.003889,-0.003402,0.005208,0.002728,0.000000
1.000000,-0.014539,0.000861,0.005747,0.001126,0.000757,0.013555,0.003936,-0.003425,0.005466,0.001304,0.000000
1.000000,0.021253,0.004955,0.005279,0.001919,0.001194,0.013495,0.003966,-0.003114,0.005594,-0.000040,0.000000
1.000000,-0.019497,-0.001321,0.003511,0.000885,-0.000336,0.013418,0.003983,-0.002687,0.005329,-0.000164,0.000000
1.000000,-0.023869,-0.007215,-0.000914,0.000110,-0.001305,0.013631,0.003796,-0.002753,0.005092,-0.000023,0.000000
1.000000,0.025622,-0.002206,0.001569,0.002310,-0.000291,0.013798,0.003574,-0.002381,0.005347,-0.002323,0.000000
1.000000,0.001556,0.001013,0.000937,0.002951,-0.000418,0.013626,0.003515,-0.002814,0.006255,-0.001214,0.000000
1.000000,-0.026978,-0.008633,-0.001839,0.002350,-0.001009,0.014055,0.002911,-0.002596,0.005473,0.001469,0.000000
1.000000,-0.016503,-0.008034,-0.004678,-0.000122,-0.000842,0.014440,0.002706,-0.002451,0.005223,0.001324,0.000000
1.000000,0.010095,-0.001242,-0.004228,-0.000260,-0.000931,0.014707,0.003002,-0.002349,0.006141,0.001104,0.000000
1.000000,-0.017631,-0.009892,-0.006049,0.000215,-0.000238,0.014368,0.002419,-0.001735,0.005732,0.001570,0.000000
1.000000,-0.006153,-0.011434,-0.005211,0.000268,-0.000986,0.014419,0.002708,-0.001802,0.005826,0.002240,0.000000
1.000000,0.012471,-0.003544,-0.006089,-0.000405,-0.000750,0.014520,0.002498,-0.001219,0.005791,0.001704,0.000000
1.000000,0.025475,0.004851,-0.001592,0.000960,0.000059,0.014126,0.002554,-0.001322,0.006310,0.001578,0.000000
1.000000,-0.036507,-0.004469,-0.002855,-0.001885,-0.000878,0.014771,0.002398,-0.001206,0.007252,0.002097,0.000000
1.000000,-0.024749,-0.005893,-0.007892,-0.003162,-0.001091,0.014887,0.002146,-0.001766,0.007166,0.002914,0.000000
1.000000,0.011723,-0.002317,-0.006876,-0.002969,-0.000324,0.014900,0.003225,-0.003297,0.007077,0.003505,0.000000
1.000000,0.019578,-0.000896,-0.002220,-0.002030,0.000826,0.014016,0.003449,-0.001753,0.008492,0.003222,0.000000
1.000000,-0.003680,-0.006727,-0.000938,-0.002808,-0.000394,0.013662,0.003006,-0.001839,0.009452,0.003503,0.000000
1.000000,0.001228,0.000820,-0.001824,-0.003026,-0.000782,0.013445,0.003330,-0.001758,0.009729,0.003605,0.000000
1.000000,0.005915,0.006953,0.000530,-0.002760,0.000320,0.013403,0.003703,-0.002155,0.010348,0.004096,0.000000
1.000000,0.008707,0.006350,0.002016,-0.001597,0.000851,0.013942,0.003770,-0.003667,0.009877,0.006432,0.000000
1.000000,-0.004850,0.001464,0.000284,-0.002902,-0.000175,0.014068,0.003880,-0.003803,0.009955,0.007252,0.000000
1.000000,-0.009159,0.000368,-0.003179,-0.002385,-0.000420,0.013497,0.003705,-0.000767,0.010870,0.006406,0.000000
1.000000,-0.046024,-0.009082,-0.004131,-0.003493,-0.002633,0.013970,0.003998,-0.001421,0.010378,0.004977,0.000000
1.000000,0.001711,-0.009923,-0.001485,-0.004689,-0.002603,0.014269,0.004412,-0.001386,0.011326,0.006328,0.000000
1.000000,-0.030157,-0.017696,-0.005673,-0.006274,-0.003871,0.014557,0.004357,-0.001472,0.011084,0.006672,0.000000
1.000000,-0.044362,-0.025598,-0.012067,-0.007144,-0.005375,0.015076,0.004169,-0.001668,0.010374,0.006513,0.000000
1.000000,-0.030865,-0.029939,-0.014785,-0.007862,-0.006800,0.015387,0.004564,-0.002344,0.009994,0.007229,0.000000
1.000000,0.006863,-0.019362,-0.014222,-0.008023,-0.006758,0.015413,0.003532,-0.003288,0.007378,0.011104,0.000000
1.000000,0.015910,-0.016522,-0.013222,-0.006346,-0.006247,0.015552,0.003269,-0.003736,0.007182,0.010944,0.000000
1.000000,-0.037365,-0.017964,-0.017830,-0.007907,-0.007008,0.015524,0.003275,-0.003682,0.007202,0.010908,0.000000
1.000000,-0.010903,-0.011272,-0.018435,-0.009075,-0.008080,0.014988,0.003726,-0.002911,0.009128,0.011494,0.000000
1.000000,-0.003416,-0.005782,-0.017861,-0.010520,-0.007544,0.014991,0.003323,-0.009087,0.005109,0.019486,0.000000
1.000000,0.001710,-0.006813,-0.013087,-0.008609,-0.006691,0.015057,0.003438,-0.009000,0.004466,0.019585,0.000000
1.000000,-0.007593,-0.011514,-0.014018,-0.007751,-0.007798,0.016680,0.002151,-0.011389,0.002608,0.027823,0.000000
1.000000,0.012705,-0.001500,-0.009732,-0.007702,-0.007427,0.016250,0.002286,-0.010487,0.002450,0.025267,0.000000
1.000000,0.024462,0.005573,-0.002849,-0.007458,-0.005712,0.016432,0.002136,-0.010792,0.002488,0.024704,0.000000
1.000000,-0.038889,-0.001521,-0.003652,-0.009219,-0.006458,0.016585,0.001946,-0.009697,0.001649,0.023798,0.000000
1.000000,0.045501,0.007237,0.000212,-0.007005,-0.005278,0.017099,0.003246,-0.008245,0.004313,0.023740,0.000000
1.000000,-0.015894,0.005577,-0.002968,-0.008095,-0.005220,0.016742,0.002503,-0.006381,0.007048,0.018390,0.000000
1.000000,-0.012997,0.000437,-0.000532,-0.009181,-0.005448,0.016670,0.002179,-0.005839,0.006225,0.017956,0.000000
1.000000,0.020857,-0.000284,0.002644,-0.007895,-0.005169,0.015725,0.001775,-0.005585,0.005119,0.015660,0.000000
1.000000,-0.012654,0.004963,0.001721,-0.008070,-0.006440,0.015693,0.001981,-0.005057,0.005024,0.015830,0.001000
1.000000,-0.034963,-0.011130,-0.001947,-0.007517,-0.006388,0.016068,0.001978,-0.004946,0.005739,0.016373,0.001000
1.000000,0.004221,-0.007107,-0.000765,-0.007392,-0.005423,0.015941,0.002159,-0.004531,0.005370,0.015964,0.001000
1.000000,0.003956,-0.003716,-0.001640,-0.005686,-0.005682,0.015860,0.002630,-0.004139,0.005001,0.015446,0.001000
1.000000,-0.024736,-0.012835,-0.006560,-0.004705,-0.007159,0.016036,0.002883,-0.004462,0.005403,0.015076,0.001000
1.000000,-0.027961,-0.015896,-0.005467,-0.004559,-0.007968,0.015895,0.001728,-0.005172,0.002282,0.014875,0.001000
1.000000,-0.000520,-0.009008,-0.010069,-0.004929,-0.008026,0.015897,0.002458,-0.004579,0.003508,0.013570,0.001000
1.000000,0.014727,-0.006907,-0.007007,-0.004988,-0.007733,0.015503,0.002316,-0.003737,0.003693,0.009899,0.001000
1.000000,-0.030996,-0.013897,-0.008807,-0.004669,-0.009056,0.015762,0.001870,-0.002696,0.004532,0.008780,0.001000
1.000000,0.049042,0.000858,-0.005988,-0.001672,-0.007260,0.016085,0.001767,-0.002553,0.002187,0.011003,0.001000
1.000000,0.015000,0.009451,-0.003223,-0.000751,-0.006454,0.015782,0.001456,-0.002191,0.001856,0.010833,0.001000
1.000000,0.005444,0.010644,0.000818,-0.000564,-0.004739,0.015439,0.001793,-0.001548,0.002698,0.010112,0.001000
1.000000,-0.012916,0.005115,-0.000896,-0.000831,-0.005226,0.015379,0.001795,-0.001340,0.002610,0.009460,0.001000
1.000000,-0.000750,0.011164,-0.001367,-0.001503,-0.004246,0.015304,0.001742,-0.001335,0.002090,0.009482,0.001000
1.000000,0.021533,0.005662,0.003260,-0.001650,-0.002050,0.015355,0.001613,-0.001152,0.002368,0.009078,0.001000
1.000000,0.004885,0.003639,0.006545,0.000539,-0.000858,0.015442,0.001580,-0.002319,0.002861,0.010861,0.001000
1.000000,0.001461,0.002842,0.006743,-0.001663,-0.001038,0.015333,0.000916,-0.001976,0.003136,0.010096,0.001000
1.000000,0.027360,0.010898,0.008006,0.000500,-0.000656,0.015413,0.000637,-0.001390,0.003630,0.008679,0.001000
1.000000,0.000000,0.011048,0.011106,0.001149,0.000589,0.015300,0.000961,-0.001052,0.003250,0.008406,0.001000
1.000000,-0.007128,0.005316,0.005489,-0.000250,0.000715,0.015218,0.001327,-0.001251,0.003283,0.008762,0.001000
1.000000,0.039505,0.012240,0.007939,0.002358,0.002146,0.015304,0.000939,-0.000608,0.003081,0.007387,0.001000
1.000000,0.025793,0.017106,0.009974,0.005396,0.002948,0.015051,0.001750,0.000449,0.001622,0.006764,0.001000
1.000000,0.019246,0.015483,0.013191,0.006147,0.003843,0.014997,0.002409,0.000890,0.001905,0.006497,0.001000
1.000000,-0.005713,0.014341,0.012694,0.005664,0.003229,0.014851,0.002973,0.001412,0.000609,0.006681,0.001000
1.000000,0.007464,0.017259,0.011287,0.007274,0.002663,0.014659,0.003087,0.001297,0.000977,0.005381,0.001000
1.000000,-0.026373,0.004084,0.008162,0.007353,0.003080,0.014665,0.003282,0.001413,0.000950,0.005561,0.001000
1.000000,0.015155,0.001956,0.009531,0.008137,0.002068,0.014700,0.003253,0.001487,0.000832,0.005905,0.001000
1.000000,-0.007772,-0.003448,0.006018,0.007012,0.002339,0.015029,0.003479,0.001364,0.001080,0.006014,0.001000
1.000000,0.029866,0.003668,0.009004,0.010055,0.003768,0.015048,0.003523,0.001679,0.001282,0.005104,0.001000
1.000000,-0.010002,0.000175,0.008717,0.007103,0.002739,0.015028,0.003583,0.001966,0.001012,0.005093,0.001000
1.000000,-0.006358,0.004178,0.004131,0.006035,0.002949,0.014768,0.003551,0.002645,0.001341,0.004013,0.001000
1.000000,0.021754,0.005498,0.003727,0.006851,0.004840,0.014574,0.004043,0.002687,0.001915,0.003078,0.001000
1.000000,0.016222,0.010297,0.003424,0.008307,0.005240,0.014546,0.004007,0.002690,0.001899,0.002987,0.001000
1.000000,0.009063,0.006136,0.004902,0.008798,0.005410,0.014499,0.004098,0.002795,0.002038,0.002747,0.001000
1.000000,-0.008005,0.006535,0.003355,0.007321,0.005968,0.014410,0.004199,0.002871,0.002074,0.002574,0.001000
1.000000,-0.004877,0.006832,0.005505,0.006833,0.006737,0.014816,0.004402,0.003155,0.002159,0.003055,0.001000
1.000000,-0.018231,-0.001165,0.002166,0.005849,0.006147,0.014834,0.004410,0.003198,0.002298,0.002943,0.001000
1.000000,0.003241,-0.003762,0.003267,0.004643,0.005764,0.014827,0.004853,0.003570,0.002536,0.002691,0.001000
1.000000,0.007523,-0.004070,0.001033,0.005019,0.007048,0.014881,0.004815,0.003481,0.002381,0.002893,0.001000
1.000000,0.031200,0.003771,0.005153,0.006935,0.006453,0.015044,0.005823,0.003482,0.003873,0.001517,0.001000
1.000000,-0.007709,0.003205,0.005018,0.004574,0.005696,0.015169,0.005992,0.003336,0.004437,0.001593,0.001000
1.000000,0.011438,0.009139,0.003987,0.003857,0.005896,0.014682,0.005756,0.003413,0.003689,0.001774,0.001000
1.000000,-0.018997,0.004691,0.000465,0.001945,0.005693,0.014354,0.006604,0.004852,0.005519,-0.000875,0.000000
1.000000,-0.012726,0.000641,-0.001714,0.001594,0.005294,0.014100,0.006586,0.004963,0.005324,-0.001267,0.000000
1.000000,-0.001282,-0.005855,-0.001042,0.001157,0.004534,0.013594,0.006422,0.004588,0.004556,-0.000481,0.000000
1.000000,0.018633,-0.000587,0.001309,0.003407,0.004992,0.013373,0.006212,0.004561,0.004228,-0.001071,0.000000
1.000000,-0.000630,-0.003000,0.003069,0.002618,0.004922,0.012979,0.006200,0.003965,0.002577,0.000245,0.000000
1.000000,-0.001050,0.000589,0.002640,0.002954,0.003975,0.012786,0.006469,0.004100,0.002069,0.000653,0.000000
1.000000,-0.003789,0.002376,0.001509,0.001271,0.003849,0.012697,0.006404,0.004047,0.001998,0.000763,0.000000
1.000000,0.004630,0.003559,-0.001148,0.002003,0.004241,0.013351,0.005702,0.002590,0.000194,0.002901,0.000000
1.000000,0.021395,0.004111,0.001762,0.003390,0.003637,0.014281,0.005078,0.002598,0.000630,0.002592,0.000000
1.000000,-0.007219,0.002793,-0.000103,0.001942,0.002537,0.014125,0.006032,0.003038,0.001046,0.001639,0.000000
1.000000,-0.008106,0.001382,0.000986,0.000725,0.001625,0.014152,0.005803,0.003230,0.000894,0.001542,0.000000
1.000000,-0.003135,0.001513,0.001945,0.000115,0.001711,0.013442,0.006576,0.004287,0.001255,-0.001140,0.000000
1.000000,-0.009465,-0.001306,0.001126,0.000042,0.001147,0.013727,0.006614,0.003323,0.001881,-0.000847,0.000000
1.000000,0.010093,-0.003566,0.000272,0.000791,0.002362,0.013279,0.006626,0.003492,0.001792,-0.001756,0.000000
1.000000,0.007295,-0.000663,0.001065,0.002067,0.002100,0.011737,0.006158,0.003055,-0.001281,-0.003288,0.000000
1.000000,-0.017177,-0.002478,-0.000548,0.001046,0.001787,0.011379,0.005766,0.003726,0.000282,-0.007394,0.000000
1.000000,-0.002750,-0.002401,-0.000444,0.000532,0.000699,0.010241,0.005960,0.006842,0.000660,-0.013495,0.000000
1.000000,0.005915,0.000675,-0.000315,-0.000732,0.001230,0.011026,0.005675,0.006213,0.000628,-0.011556,0.000000
1.000000,0.004623,-0.000419,-0.001993,-0.000115,0.001596,0.011190,0.005359,0.005671,0.000376,-0.010711,0.000000
1.000000,-0.040647,-0.010007,-0.005335,-0.002719,-0.000484,0.011111,0.006302,0.006600,0.003263,-0.014646,0.000000
1.000000,-0.010756,-0.008723,-0.005601,-0.002307,-0.001383,0.011594,0.006119,0.005971,0.003176,-0.013147,0.000000
1.000000,0.010975,-0.005978,-0.004190,-0.001122,-0.001320,0.011618,0.006217,0.006049,0.003445,-0.013444,0.001000
1.000000,-0.024082,-0.011978,-0.005651,-0.002262,-0.001856,0.011961,0.006553,0.005728,0.003052,-0.013662,0.001000
1.000000,-0.006281,-0.014158,-0.007289,-0.003508,-0.001902,0.011621,0.007087,0.006425,0.005604,-0.014330,0.001000
1.000000,-0.009723,-0.007973,-0.008990,-0.003963,-0.001619,0.011568,0.007562,0.006617,0.005734,-0.014692,0.001000
1.000000,-0.003642,-0.006551,-0.007637,-0.004092,-0.001848,0.011952,0.007398,0.006302,0.005633,-0.012826,0.001000
1.000000,0.000912,-0.008563,-0.007271,-0.003857,-0.002069,0.011107,0.008282,0.005744,0.006769,-0.015025,0.001000
1.000000,0.013128,-0.001121,-0.006549,-0.003432,-0.002671,0.008402,0.010649,0.006109,0.009010,-0.021167,0.001000
1.000000,-0.007902,-0.001445,-0.007802,-0.004897,-0.002677,0.008832,0.010663,0.005795,0.009208,-0.020888,0.001000
1.000000,-0.009565,-0.001414,-0.004694,-0.005015,-0.003377,0.009734,0.010139,0.004817,0.008220,-0.019263,0.001000
1.000000,-0.002520,-0.001189,-0.003870,-0.004735,-0.002828,0.009379,0.010264,0.004665,0.007741,-0.019276,0.001000
1.000000,0.004578,-0.000456,-0.004510,-0.004350,-0.002252,0.008977,0.010297,0.004795,0.007252,-0.019401,0.001000
1.000000,0.001369,-0.002808,-0.001965,-0.003808,-0.002163,0.008033,0.010417,0.005719,0.007020,-0.021271,0.001000
1.000000,-0.003655,-0.001959,-0.001702,-0.004495,-0.002906,0.009896,0.008864,0.004517,0.006747,-0.017699,0.001000
1.000000,-0.004588,-0.000963,-0.001189,-0.005090,-0.003038,0.010017,0.008950,0.004302,0.006738,-0.017331,0.001000
1.000000,0.018679,0.003277,0.001044,-0.003297,-0.002380,0.009315,0.009631,0.004300,0.006711,-0.017369,0.001000
1.000000,-0.007248,0.000911,0.000228,-0.003522,-0.002496,0.009065,0.010007,0.004580,0.006641,-0.017939,0.001000
1.000000,0.037917,0.008221,0.002706,-0.001921,-0.001386,0.009409,0.010384,0.004469,0.007206,-0.018742,0.001000
1.000000,-0.000876,0.008777,0.003409,-0.002196,-0.002128,0.006942,0.012744,0.004258,0.008028,-0.018631,0.001000
1.000000,-0.004171,0.008860,0.003948,-0.000373,-0.002027,0.007088,0.012408,0.003767,0.008996,-0.018092,0.001000
1.000000,0.006140,0.006353,0.004815,0.000472,-0.001552,0.007094,0.011936,0.003432,0.008319,-0.018087,0.001000
1.000000,-0.003724,0.007057,0.003984,-0.000263,-0.001572,0.007511,0.011687,0.003568,0.008558,-0.017193,0.001000
1.000000,0.005253,0.000525,0.004373,0.001204,-0.001081,0.007510,0.011692,0.003567,0.008555,-0.017190,0.001000
1.000000,-0.000655,0.000569,0.004673,0.001485,-0.001439,0.007409,0.011561,0.003542,0.008813,-0.017284,0.001000
1.000000,-0.001530,0.001097,0.004979,0.001895,-0.001733,0.007151,0.011576,0.003392,0.008637,-0.017558,0.001000
1.000000,0.002185,0.000306,0.003329,0.002186,-0.001088,0.007328,0.010915,0.002908,0.008289,-0.016744,0.001000
1.000000,0.024794,0.006009,0.006533,0.003380,-0.000170,0.006487,0.011805,0.002946,0.010050,-0.016110,0.001000
1.000000,0.016892,0.008337,0.004431,0.003569,0.000196,0.006458,0.011891,0.002631,0.010234,-0.016381,0.001000
1.000000,-0.002096,0.008049,0.004309,0.003859,-0.000028,0.006327,0.012530,0.002227,0.009956,-0.015916,0.001000
1.000000,-0.015648,0.005225,0.003161,0.003555,0.000805,0.006012,0.012390,0.002030,0.008587,-0.014992,0.001000
1.000000,-0.018065,0.001175,0.000741,0.002778,0.000562,0.006161,0.011969,0.001792,0.008694,-0.015667,0.001000
1.000000,-0.010910,-0.005965,0.000022,0.002003,-0.000168,0.006046,0.011837,0.002334,0.008542,-0.016400,0.001000
1.000000,0.005033,-0.008337,-0.000000,0.002186,0.000803,0.006009,0.011695,0.002278,0.008554,-0.016895,0.001000
1.000000,-0.003718,-0.008662,-0.000306,0.002183,0.000888,0.006221,0.011397,0.002006,0.008333,-0.016411,0.001000
1.000000,0.012195,-0.003093,0.001066,0.003022,0.001619,0.005775,0.011643,0.002966,0.010166,-0.016775,0.001000
1.000000,0.009907,0.002502,0.001838,0.002584,0.002070,0.005802,0.011763,0.002955,0.010138,-0.016657,0.001000
1.000000,-0.011207,0.002442,-0.001762,0.002386,0.001666,0.005465,0.012341,0.002948,0.010611,-0.017429,0.001000
1.000000,-0.003691,0.000697,-0.003820,0.000305,0.001106,0.005411,0.012668,0.002903,0.010871,-0.017711,0.001000
1.000000,0.013182,0.004077,-0.002292,0.001008,0.001809,0.005582,0.012291,0.002869,0.010826,-0.017531,0.001000
1.000000,-0.040527,-0.006467,-0.004780,-0.000809,0.000777,0.008473,0.009260,0.002845,0.007930,-0.013965,0.001000
1.000000,-0.022381,-0.012925,-0.005212,-0.002236,0.000115,0.009172,0.007097,0.001276,0.006338,-0.011716,0.001000
1.000000,0.029066,-0.004870,-0.001214,-0.000596,0.000931,0.009841,0.005705,0.000731,0.005302,-0.011812,0.001000
1.000000,0.017392,-0.000654,0.000022,0.000011,0.001465,0.009752,0.005880,0.001153,0.005536,-0.012405,0.001000
1.000000,0.006092,-0.002072,0.001003,0.000348,0.001790,0.009310,0.006132,0.001648,0.006036,-0.013050,0.001000
1.000000,0.006917,0.007417,0.000475,0.000771,0.002173,0.009853,0.006229,0.001719,0.006690,-0.013233,0.001000
1.000000,-0.001725,0.011549,-0.000688,0.000575,0.001493,0.009855,0.006285,0.001893,0.007201,-0.013560,0.001000
1.000000,0.014568,0.008649,0.001889,0.000064,0.002220,0.009977,0.006285,0.001704,0.007241,-0.013664,0.001000
1.000000,0.009946,0.007160,0.003253,-0.000283,0.001288,0.010006,0.006494,0.002367,0.008148,-0.014654,0.001000
1.000000,0.034561,0.012853,0.005391,0.001549,0.002469,0.010493,0.007268,0.002373,0.008847,-0.013811,0.001000
1.000000,-0.008375,0.009795,0.008606,0.001913,0.002329,0.010806,0.005293,0.001041,0.006027,-0.011363,0.001000
1.000000,0.000615,0.010263,0.010906,0.002847,0.002145,0.010828,0.005426,0.000877,0.006257,-0.011246,0.001000
1.000000,-0.001436,0.007062,0.007856,0.003321,0.002221,0.010999,0.005339,0.000502,0.005851,-0.010955,0.001000
1.000000,0.001231,0.005319,0.006239,0.003131,0.002087,0.010889,0.005290,0.001163,0.005909,-0.011054,0.001000
1.000000,-0.002464,-0.002086,0.005384,0.003193,0.002027,0.011072,0.005200,0.000670,0.006024,-0.010431,0.001000
1.000000,0.004921,0.000574,0.005184,0.002830,0.002242,0.011386,0.005377,0.001504,0.008012,-0.010421,0.001000
1.000000,-0.004921,-0.000534,0.004865,0.002088,0.002005,0.011242,0.006565,0.001423,0.007534,-0.007999,0.001000
1.000000,0.006148,0.000983,0.004023,0.002956,0.001383,0.011171,0.006805,0.001633,0.007645,-0.007956,0.001000
1.000000,-0.002045,0.000328,0.002824,0.003038,0.000752,0.011122,0.006981,0.001779,0.007850,-0.007972,0.001000
1.000000,-0.003281,0.000164,-0.000961,0.002215,0.000713,0.011050,0.006280,0.001165,0.006592,-0.007799,0.001000
1.000000,0.009403,0.001061,0.000817,0.004712,0.001548,0.010540,0.005539,0.000366,0.003746,-0.005125,0.001000
1.000000,-0.001018,0.001841,0.000654,0.005780,0.002116,0.010403,0.005584,0.000648,0.003835,-0.005543,0.001000
1.000000,-0.010030,-0.001394,-0.000206,0.003825,0.002145,0.010761,0.004814,0.000551,0.003795,-0.003907,0.001000
1.000000,-0.006812,-0.002347,-0.001010,0.002615,0.001750,0.010590,0.004768,0.000660,0.004385,-0.003933,0.001000
1.000000,-0.031134,-0.007918,-0.003877,0.000754,0.000837,0.010121,0.005663,0.001531,0.005271,-0.007042,0.001000
1.000000,-0.001069,-0.010013,-0.004476,0.000354,0.000394,0.010202,0.005160,0.001559,0.004842,-0.006339,0.001000
1.000000,-0.026443,-0.015098,-0.006628,-0.000882,-0.000817,0.010475,0.006042,0.001847,0.006485,-0.006573,0.001000
1.000000,0.004602,-0.012171,-0.006783,-0.001380,-0.000290,0.010465,0.006086,0.001787,0.006373,-0.006557,0.001000
1.000000,0.001529,-0.010503,-0.006425,-0.001801,-0.000116,0.010329,0.006336,0.001712,0.006398,-0.006604,0.001000
1.000000,0.021381,0.000000,-0.003959,-0.002460,0.000157,0.010430,0.006762,0.002023,0.006639,-0.007207,0.001000
1.000000,-0.003854,-0.000557,-0.005285,-0.002234,0.001380,0.010518,0.006396,0.002145,0.006882,-0.007296,0.001000
1.000000,0.004494,0.005631,-0.004734,-0.002040,0.002275,0.010914,0.006054,0.002744,0.008047,-0.007520,0.001000
1.000000,-0.000641,0.004582,-0.003795,-0.002000,0.001285,0.011156,0.005914,0.002546,0.008151,-0.007579,0.001000
1.000000,0.007663,0.005809,-0.002347,-0.001678,0.000961,0.012028,0.006669,0.000829,0.008313,-0.005931,0.001000
1.000000,-0.008732,-0.000214,-0.000107,-0.001992,0.000467,0.012389,0.006616,0.000559,0.008994,-0.005043,0.001000
1.000000,0.011696,0.002896,0.001170,-0.001653,0.000626,0.012322,0.007028,0.000621,0.008956,-0.004659,0.001000
1.000000,-0.003813,0.001235,0.003433,-0.001598,0.000556,0.012153,0.006447,0.001271,0.009113,-0.004224,0.001000
1.000000,-0.007456,-0.000128,0.002227,-0.002278,-0.000178,0.012074,0.006789,0.001030,0.008951,-0.004141,0.001000
1.000000,0.002349,-0.001191,0.002309,-0.002058,-0.000431,0.011320,0.006224,0.001879,0.008391,-0.003696,0.001000
1.000000,-0.008139,-0.001072,-0.000643,-0.002301,-0.001854,0.011583,0.005899,0.002677,0.009203,-0.004053,0.001000
1.000000,0.001289,-0.003154,-0.000129,-0.002707,-0.001532,0.011597,0.005873,0.002568,0.009165,-0.004108,0.001000
1.000000,0.029208,0.003451,0.002343,-0.001195,-0.000579,0.011575,0.006979,0.002424,0.009606,-0.003902,0.001000
1.000000,-0.012383,0.002465,0.001168,-0.001313,-0.000944,0.011609,0.007309,0.001628,0.008795,-0.003629,0.001000
1.000000,-0.003385,0.001318,0.000064,-0.001142,-0.001098,0.011655,0.007199,0.001693,0.008945,-0.003641,0.001000
1.000000,-0.018608,-0.000776,-0.000924,-0.000515,-0.001636,0.012192,0.007155,0.001541,0.010275,-0.002666,0.001000
1.000000,0.010737,0.001114,-0.001020,0.000075,-0.001442,0.012312,0.007009,0.001572,0.010255,-0.002460,0.001000
1.000000,0.010834,-0.002561,0.000445,0.001939,-0.000917,0.011687,0.007980,0.002732,0.010203,-0.004397,0.001000
1.000000,-0.000634,-0.000211,0.001127,0.001677,-0.001143,0.011288,0.007481,0.002550,0.008228,-0.005389,0.001000
1.000000,-0.012552,-0.002045,-0.000363,0.000973,-0.001493,0.011115,0.007001,0.003260,0.008083,-0.005351,0.001000
1.000000,-0.003216,0.001034,0.000129,-0.000257,-0.001491,0.010940,0.006952,0.003262,0.007728,-0.005863,0.001000
1.000000,0.001502,-0.000813,0.000150,0.000011,-0.001754,0.010987,0.006818,0.002671,0.006712,-0.005833,0.001000
1.000000,0.014900,0.000000,-0.001281,0.000531,-0.001224,0.010487,0.007398,0.003081,0.006301,-0.006865,0.001000
1.000000,-0.009767,-0.001826,-0.001019,0.000075,-0.001215,0.010687,0.007511,0.002411,0.006619,-0.006211,0.001000
1.000000,-0.036723,-0.006661,-0.004353,-0.002145,-0.002212,0.011589,0.007340,0.001548,0.007292,-0.004913,0.001000
1.000000,0.015157,-0.002986,-0.000976,-0.000950,-0.000669,0.011732,0.007156,0.001310,0.007361,-0.004565,0.001000
1.000000,-0.025614,-0.008409,-0.004611,-0.002816,-0.001487,0.012147,0.006674,-0.000749,0.004768,-0.004010,0.001000
1.000000,0.000671,-0.011255,-0.005628,-0.002591,-0.000583,0.012144,0.006661,-0.000754,0.004760,-0.004026,0.001000
1.000000,0.006017,-0.008099,-0.004963,-0.001918,-0.000536,0.011943,0.005926,-0.000166,0.004283,-0.004139,0.001000
1.000000,-0.014997,-0.003753,-0.005207,-0.002785,-0.001087,0.012068,0.005445,0.000101,0.004056,-0.004043,0.001000
1.000000,0.016773,-0.003430,-0.003208,-0.001540,-0.001241,0.012030,0.006236,0.000095,0.004186,-0.003322,0.001000
1.000000,-0.035900,-0.005487,-0.006948,-0.003399,-0.002309,0.012368,0.007795,0.002204,0.008111,-0.003889,0.001000
1.000000,-0.001150,-0.005851,-0.008553,-0.004917,-0.002497,0.012770,0.009501,0.004143,0.007433,-0.008593,0.001000
1.000000,0.003446,-0.006366,-0.007232,-0.004125,-0.002361,0.011251,0.010759,0.003311,0.008946,-0.005857,0.001000
1.000000,-0.011302,-0.005626,-0.004690,-0.004521,-0.002993,0.011812,0.010306,0.003251,0.008302,-0.005985,0.001000
1.000000,-0.003718,-0.009725,-0.006577,-0.003777,-0.002826,0.011620,0.009743,0.002289,0.008190,-0.003787,0.001000
1.000000,-0.005369,-0.003619,-0.004553,-0.004582,-0.003395,0.011293,0.009946,0.002946,0.008418,-0.003932,0.001000
1.000000,0.011173,-0.001154,-0.003503,-0.004565,-0.002895,0.011445,0.010625,0.005058,0.007442,-0.002917,0.001000
1.000000,-0.023657,-0.006575,-0.006470,-0.005716,-0.003435,0.011507,0.010865,0.005188,0.006697,-0.003978,0.001000
1.000000,0.003549,-0.003605,-0.004615,-0.004911,-0.003395,0.011337,0.010429,0.004895,0.006492,-0.003459,0.001000
1.000000,-0.005685,-0.003998,-0.006861,-0.005035,-0.003313,0.010740,0.009713,0.004563,0.005525,-0.003581,0.001000
1.000000,-0.013391,-0.005602,-0.004610,-0.005779,-0.003803,0.011087,0.011535,0.005257,0.007862,-0.003381,0.001000
1.000000,0.007196,-0.006398,-0.003776,-0.006165,-0.004537,0.011160,0.012305,0.005994,0.007904,-0.003106,0.001000
1.000000,0.006907,-0.000285,-0.003430,-0.005331,-0.003894,0.011286,0.012150,0.006150,0.008895,-0.002482,0.001000
1.000000,-0.014103,-0.003815,-0.003710,-0.004200,-0.004251,0.011206,0.012248,0.006073,0.008826,-0.002468,0.001000
1.000000,0.004324,-0.001813,-0.002906,-0.004742,-0.003486,0.011216,0.012188,0.006073,0.008923,-0.002395,0.001000
1.000000,-0.003361,0.000192,-0.002705,-0.003629,-0.003956,0.010575,0.011847,0.006777,0.009727,-0.001967,0.001000
1.000000,0.005038,-0.000239,-0.003318,-0.003411,-0.004150,0.010505,0.012115,0.006724,0.009775,-0.001807,0.001000
1.000000,-0.020061,-0.005633,-0.002959,-0.004714,-0.004797,0.010477,0.012095,0.007527,0.009878,-0.002080,0.001000
1.000000,0.009718,-0.000869,-0.002342,-0.003479,-0.004055,0.011019,0.011069,0.008665,0.010124,-0.002753,0.001000
1.000000,0.006026,-0.000528,-0.001171,-0.004016,-0.003747,0.011340,0.011566,0.009008,0.011609,-0.002931,0.001000
1.000000,0.007184,0.001581,0.000887,-0.001862,-0.003557,0.011674,0.010787,0.009154,0.010507,-0.003130,0.001000
1.000000,0.001431,0.000860,0.000310,-0.001733,-0.004006,0.011422,0.011102,0.008572,0.010126,-0.002815,0.001000
1.000000,-0.013674,0.002137,-0.001748,-0.002589,-0.004137,0.011203,0.011873,0.008475,0.010092,-0.003398,0.001000
1.000000,-0.004357,-0.000678,-0.000773,-0.002242,-0.003058,0.011066,0.012277,0.008550,0.010245,-0.003362,0.001000
1.000000,0.012536,0.000624,0.000048,-0.001429,-0.003145,0.011451,0.011717,0.007374,0.011057,-0.000872,0.001000
1.000000,-0.012779,-0.003369,-0.000894,-0.001799,-0.002717,0.011470,0.011575,0.007549,0.010930,-0.000698,0.001000
1.000000,0.000485,-0.003558,-0.001349,-0.002334,-0.002723,0.011570,0.010125,0.007756,0.010490,-0.000139,0.001000
1.000000,-0.021823,-0.005187,-0.001525,-0.002242,-0.003651,0.011234,0.011677,0.007457,0.010668,0.000107,0.001000
1.000000,0.024487,0.000581,-0.000048,-0.001195,-0.002335,0.010610,0.011347,0.006226,0.010101,0.002685,0.001000
1.000000,0.008431,-0.000240,0.000192,-0.000489,-0.002613,0.010257,0.011209,0.004543,0.011126,0.004808,0.001000
1.000000,-0.010368,0.000243,-0.001563,-0.000338,-0.001762,0.009967,0.011169,0.004716,0.010740,0.005092,0.001000
1.000000,-0.009742,-0.001803,-0.002680,-0.001185,-0.002049,0.009932,0.011518,0.005059,0.010242,0.004846,0.001000
1.000000,-0.002696,0.002022,-0.001583,-0.001665,-0.002253,0.009901,0.011764,0.005202,0.009731,0.004188,0.001000
1.000000,0.015825,0.000290,0.000436,-0.000169,-0.001349,0.009177,0.013311,0.004437,0.009974,0.004761,0.001000
1.000000,0.012959,0.001196,0.000478,0.000263,-0.000793,0.008774,0.013637,0.004339,0.009865,0.004781,0.001000
1.000000,-0.012235,0.000822,0.000532,-0.000181,-0.001022,0.008549,0.014379,0.005658,0.009690,0.003279,0.001000
1.000000,-0.007997,0.001171,-0.000316,-0.000832,-0.001661,0.009200,0.006288,0.001716,0.009794,0.003813,0.001000
1.000000,0.017845,0.005279,0.003651,0.001063,-0.000278,0.009239,0.006613,0.002807,0.009898,0.003010,0.001000
1.000000,-0.014202,-0.000726,-0.000218,-0.000133,-0.000869,0.010555,0.002150,0.003393,0.008839,0.003655,0.001000
1.000000,0.025845,0.001851,0.001523,0.000858,0.000182,0.010569,0.002693,0.005355,0.009042,0.002459,0.001000
1.000000,-0.002128,0.003872,0.002347,0.000392,0.000557,0.010484,0.002794,0.005504,0.009288,0.002669,0.001000
1.000000,-0.003795,0.004713,0.002942,0.000131,0.000191,0.010545,0.001875,0.006588,0.008451,0.001471,0.001000
1.000000,0.026499,0.006444,0.005862,0.002140,0.000844,0.011273,0.001513,0.007528,0.009351,-0.000708,0.001000
1.000000,0.005999,0.010484,0.004879,0.002657,0.001514,0.011081,0.001768,0.007578,0.009167,-0.000679,0.001000
1.000000,0.010526,0.007420,0.004636,0.002557,0.001721,0.011061,0.001659,0.007328,0.008547,-0.000766,0.001000
1.000000,-0.009147,0.006017,0.004945,0.002738,0.001528,0.010517,0.001110,0.006956,0.005450,-0.002122,0.001000
1.000000,0.007780,0.008332,0.006522,0.003103,0.001619,0.010456,0.001322,0.006121,0.005658,-0.000552,0.001000
1.000000,0.009302,0.004892,0.005668,0.004659,0.002598,0.010592,0.001328,0.005834,0.005897,-0.000312,0.001000
1.000000,-0.012956,0.001101,0.005793,0.002787,0.001842,0.010478,0.001681,0.005003,0.005563,0.000470,0.001000
1.000000,0.012052,0.001406,0.004413,0.002968,0.002043,0.010897,0.001412,0.005641,0.005929,-0.000687,0.001000
1.000000,-0.039185,-0.004601,0.000708,0.001528,0.000497,0.011827,0.002084,0.005747,0.008948,-0.005384,0.001000
1.000000,-0.012299,-0.008617,-0.000143,0.001400,0.000040,0.011656,0.002199,0.003548,0.008316,-0.003744,0.001000
1.000000,-0.000238,-0.010525,-0.002816,0.001523,0.000488,0.011637,0.002232,0.003257,0.008399,-0.003443,0.001000
1.000000,0.009712,-0.005991,-0.002445,0.001217,0.000957,0.010789,0.002352,0.003803,0.007516,-0.004762,0.001000
1.000000,0.023300,-0.003742,-0.001168,0.001734,0.001315,0.010604,0.002796,0.004193,0.007181,-0.005513,0.001000
1.000000,0.028382,0.009771,0.002585,0.003765,0.002687,0.010542,0.002502,0.004808,0.008107,-0.006699,0.001000
1.000000,0.022139,0.016659,0.004021,0.005272,0.003409,0.010398,0.003091,0.005680,0.007836,-0.007839,0.001000
1.000000,-0.018564,0.012994,0.001234,0.003451,0.003518,0.010079,0.003738,0.005214,0.008264,-0.007044,0.001000
1.000000,0.007113,0.012474,0.003241,0.004517,0.002939,0.009677,0.003478,0.004305,0.008203,-0.006567,0.001000
1.000000,0.002654,0.008345,0.002302,0.003357,0.002746,0.009904,0.002906,0.005252,0.007873,-0.008103,0.001000
1.000000,-0.028455,-0.003023,0.003374,0.002041,0.002143,0.010426,0.002395,0.003975,0.005504,-0.007188,0.001000
1.000000,-0.015114,-0.010473,0.003093,0.001475,0.001964,0.010523,0.002071,0.003686,0.005187,-0.006702,0.001000
1.000000,0.001844,-0.006391,0.003301,0.000242,0.002115,0.010423,0.002274,0.003004,0.005102,-0.006120,0.001000
1.000000,-0.000461,-0.007906,0.002284,-0.000081,0.001573,0.010078,0.002323,0.003210,0.005104,-0.006858,0.001000
1.000000,-0.009259,-0.010289,-0.000972,-0.001070,0.000832,0.010448,0.002021,0.003519,0.005071,-0.007254,0.001000
1.000000,0.010871,-0.002424,-0.002723,-0.000069,0.001602,0.010583,0.001672,0.003247,0.004756,-0.007673,0.001000
1.000000,-0.012733,-0.001948,-0.006210,-0.001095,0.001444,0.010293,0.002013,0.003667,0.005807,-0.009511,0.001000
1.000000,-0.008423,-0.004001,-0.005196,-0.001981,0.000569,0.009974,0.001987,0.003714,0.006606,-0.008434,0.001000
1.000000,0.018623,-0.000184,-0.004045,-0.000402,0.001663,0.010255,0.002125,0.003493,0.006968,-0.008039,0.001000
1.000000,-0.004623,0.000743,-0.004773,-0.001236,0.000647,0.010073,0.002141,0.003514,0.006923,-0.008170,0.001000
1.000000,-0.006042,-0.002640,-0.002532,0.000421,0.000517,0.009693,0.002121,0.004242,0.006464,-0.009678,0.001000
1.000000,0.000699,0.000047,-0.000951,0.001071,0.000667,0.009294,0.002169,0.004151,0.006437,-0.009899,0.001000
1.000000,-0.000233,0.001685,-0.001158,0.001072,-0.000224,0.009105,0.002230,0.004436,0.006000,-0.010678,0.002000
1.000000,0.024397,0.002840,0.001328,0.001806,0.000389,0.009053,0.002236,0.004565,0.004082,-0.012545,0.002000
1.000000,0.009955,0.005755,0.003249,0.001138,0.000370,0.008927,0.001675,0.003459,0.003050,-0.012124,0.002000
1.000000,-0.016571,0.003649,0.000505,-0.001109,0.000122,0.009185,0.002554,0.002935,0.004648,-0.009967,0.002000
1.000000,-0.003210,0.002868,0.001457,-0.002377,-0.000244,0.009208,0.002546,0.003064,0.004397,-0.010140,0.002000
1.000000,0.004125,0.003739,0.002712,-0.001242,-0.000417,0.008937,0.002390,0.002166,0.004827,-0.009202,0.002000
1.000000,0.006837,0.000227,0.001533,-0.001256,0.000243,0.009005,0.002543,0.001839,0.004959,-0.008712,0.002000
1.000000,0.009044,0.000045,0.002900,-0.000936,0.000143,0.009013,0.002361,0.001301,0.004662,-0.008683,0.002000
1.000000,0.000675,0.003494,0.003572,0.000520,0.001472,0.009001,0.002338,0.001239,0.004940,-0.008324,0.002000
1.000000,-0.001350,0.003866,0.003367,0.001208,0.001836,0.008912,0.002385,0.000543,0.005490,-0.007181,0.002000
1.000000,-0.002255,0.002590,0.003165,0.001003,0.001769,0.008657,0.002372,0.000314,0.004904,-0.007166,0.002000
1.000000,-0.012950,-0.001367,-0.000570,0.000379,0.001014,0.008857,0.002517,0.000165,0.005290,-0.006891,0.002000
1.000000,0.002740,-0.002628,-0.001292,0.000979,0.000328,0.008781,0.002530,0.000127,0.005181,-0.006800,0.002000
1.000000,-0.002283,-0.003220,0.000137,0.000321,-0.000694,0.008693,0.002327,0.000355,0.004832,-0.007039,0.002000
1.000000,0.058161,0.008683,0.006274,0.003866,0.000507,0.010324,0.003193,0.000276,0.005424,-0.004570,0.002000
1.000000,0.012004,0.011534,0.007062,0.004887,0.001526,0.010157,0.002314,0.001491,0.004465,-0.006394,0.002000
1.000000,-0.004913,0.013142,0.005887,0.003710,0.001125,0.010960,0.002351,0.002248,0.004904,-0.008156,0.002000
1.000000,-0.019678,0.008658,0.003015,0.002958,0.000381,0.011177,0.002032,0.003496,0.004453,-0.009674,0.002000
1.000000,-0.007233,0.007668,0.002224,0.002898,0.001088,0.011185,0.002032,0.003523,0.004387,-0.009721,0.002000
1.000000,-0.017979,-0.007560,0.000561,0.001964,0.000993,0.011659,0.001464,0.004269,0.006160,-0.009124,0.002000
1.000000,0.005361,-0.008888,0.001323,0.002244,0.001110,0.011802,0.001489,0.004257,0.005821,-0.009920,0.002000
1.000000,-0.001784,-0.008263,0.002440,0.000935,0.001066,0.012409,0.000512,0.005200,0.005698,-0.010722,0.002000
1.000000,0.007337,-0.002859,0.002899,0.000804,0.001619,0.014885,-0.000263,0.005185,0.005255,-0.011783,0.002000
1.000000,-0.008230,-0.003059,0.002305,0.001221,0.000982,0.015341,-0.000130,0.004366,0.005721,-0.010116,0.002000
1.000000,-0.003356,-0.000134,-0.003847,0.001214,0.001295,0.016768,0.001329,0.003410,0.005279,-0.007351,0.002000
1.000000,0.012694,0.001332,-0.003778,0.001642,0.001999,0.017263,0.000955,0.001654,0.005851,-0.005662,0.002000
1.000000,0.000000,0.001689,-0.003287,0.001300,0.001378,0.015235,0.004290,0.001295,0.006737,-0.005991,0.002000
1.000000,0.035221,0.007266,0.002203,0.002609,0.002706,0.016410,0.004078,-0.001178,0.007550,-0.003381,0.002000
1.000000,-0.002353,0.008441,0.002691,0.002458,0.002829,0.016677,0.003828,-0.001469,0.007030,-0.003130,0.002000
1.000000,-0.010548,0.007003,0.003434,0.001998,0.002454,0.016029,0.005057,-0.002697,0.009539,-0.000691,0.002000
1.000000,0.014821,0.007428,0.004380,0.002852,0.002956,0.015518,0.005203,-0.003146,0.009682,0.000857,0.002000
1.000000,-0.015471,0.004334,0.003012,0.002726,0.001627,0.016438,0.004720,-0.003705,0.009650,0.001724,0.002000
1.000000,0.006045,-0.001501,0.002882,0.002891,0.001497,0.016407,0.004732,-0.003700,0.009572,0.001534,0.002000
1.000000,0.011981,0.001366,0.004903,0.003604,0.002448,0.016082,0.006903,-0.003958,0.014819,0.005057,0.002000
1.000000,0.006149,0.004705,0.005854,0.001003,0.002760,0.016164,0.006558,-0.003591,0.015140,0.004424,0.002000
1.000000,-0.003388,0.001063,0.004246,0.000234,0.002510,0.016173,0.005868,-0.002825,0.013952,0.002584,0.002000
1.000000,0.005921,0.005342,0.004838,0.000776,0.002479,0.015813,0.005784,-0.002309,0.014256,0.002033,0.002000
1.000000,0.019625,0.008058,0.003278,0.002741,0.002832,0.015254,0.006902,-0.003195,0.013189,0.002801,0.002000
1.000000,0.008646,0.007390,0.004378,0.003535,0.003098,0.012641,0.004039,-0.002041,0.006169,0.011498,0.002000
1.000000,0.024698,0.011100,0.007903,0.005668,0.003966,0.010809,0.003922,0.000678,0.006826,0.014094,0.001000
1.000000,-0.005414,0.010695,0.005879,0.005130,0.003861,0.010648,0.004040,0.000405,0.007206,0.014048,0.001000
1.000000,0.003212,0.010153,0.007747,0.005379,0.004400,0.010628,0.004004,0.000493,0.007132,0.013937,0.001000
1.000000,0.001402,0.006509,0.007283,0.005083,0.004355,0.010159,0.003368,0.000253,0.006974,0.015325,0.001000
1.000000,0.014700,0.007720,0.007555,0.006229,0.004921,0.006496,0.004302,0.000196,0.003224,0.015986,0.001000
1.000000,0.029917,0.008763,0.009932,0.007893,0.003980,0.010019,0.003207,-0.001284,0.006819,0.008372,0.001000
1.000000,-0.006143,0.008617,0.009656,0.006951,0.003375,0.011682,0.002122,-0.000707,0.007423,0.007321,0.001000
1.000000,0.015098,0.010995,0.010574,0.007706,0.004042,0.012166,0.002760,-0.001064,0.008017,0.006859,0.001000
1.000000,-0.015291,0.007656,0.007082,0.005180,0.004188,0.013594,0.001651,-0.000922,0.008726,0.005562,0.001000
1.000000,-0.006182,0.003480,0.005600,0.004989,0.004223,0.012177,0.002260,-0.000168,0.009112,0.003630,0.001000
1.000000,0.010219,-0.000460,0.004152,0.006027,0.005163,0.012396,0.002862,0.000996,0.010189,0.002474,0.001000
1.000000,0.015985,0.003966,0.006292,0.006085,0.005517,0.011927,0.003687,0.002058,0.010043,0.000110,0.001000
1.000000,-0.002647,0.000417,0.005706,0.006727,0.005488,0.012425,0.003435,0.002374,0.010545,-0.000207,0.001000
1.000000,-0.002843,0.002906,0.005281,0.006282,0.005149,0.012444,0.004194,0.003803,0.012123,-0.000404,0.001000
1.000000,-0.027130,-0.001283,0.001098,0.004327,0.004519,0.014409,0.004336,0.003593,0.011409,-0.003587,0.001000
1.000000,-0.010983,-0.005523,-0.002992,0.003470,0.004265,0.013244,0.004520,0.004369,0.010513,-0.002994,0.001000
1.000000,0.002954,-0.008130,-0.002082,0.003787,0.003940,0.013172,0.004760,0.003627,0.009542,-0.003187,0.001000
1.000000,0.003533,-0.006894,-0.003239,0.003668,0.004058,0.012836,0.004685,0.003331,0.008528,-0.003419,0.001000
1.000000,-0.001176,-0.006560,-0.001827,0.002628,0.002845,0.013490,0.004420,0.003164,0.008768,-0.003432,0.001000
1.000000,0.007426,0.000351,-0.000466,0.002567,0.003171,0.013098,0.004851,0.002754,0.008870,-0.003360,0.001000
1.000000,0.002722,0.003092,-0.001216,0.001468,0.003613,0.014112,0.004588,0.002397,0.009421,-0.003811,0.001000
1.000000,-0.003891,0.001723,-0.003203,0.001544,0.002989,0.015521,0.003567,0.000544,0.008751,-0.001846,0.001000
1.000000,-0.002147,0.000587,-0.003154,0.001276,0.003433,0.015353,0.002906,0.001116,0.009382,-0.001856,0.001000
1.000000,-0.005485,-0.000275,-0.003418,0.000932,0.003049,0.015059,0.004216,0.002482,0.011550,-0.002949,0.003000
1.000000,-0.005318,-0.002824,-0.001236,-0.000069,0.002472,0.016821,0.002768,0.001570,0.010110,-0.004523,0.003000
1.000000,0.000000,-0.003368,-0.000138,-0.001565,0.002267,0.016811,0.002692,0.001616,0.010258,-0.004474,0.003000
1.000000,0.005318,-0.001526,0.000098,-0.000992,0.002558,0.016678,0.002905,0.001767,0.010463,-0.004713,0.003000
1.000000,-0.004528,-0.002003,-0.000708,-0.001973,0.002209,0.016869,0.002775,0.001847,0.010576,-0.004808,0.003000
1.000000,0.015662,0.002227,0.000976,-0.000426,0.002077,0.016034,0.003734,0.003131,0.012053,-0.002972,0.003000
1.000000,0.008511,0.004992,0.001084,0.000309,0.002073,0.015875,0.004030,0.003125,0.011887,-0.003167,0.003000
1.000000,-0.012208,0.002551,-0.000409,-0.000812,0.000842,0.015898,0.004460,0.003477,0.011863,-0.003917,0.003000
1.000000,0.009701,0.003428,0.000951,-0.001126,0.001346,0.014046,0.005058,0.002875,0.009818,-0.004536,0.003000
1.000000,0.010755,0.006484,0.002241,-0.000456,0.001598,0.012766,0.004995,0.002884,0.008765,-0.003487,0.003000
1.000000,0.001527,0.003657,0.002942,-0.000238,0.001602,0.013076,0.004891,0.003033,0.009026,-0.003699,0.003000
1.000000,0.003237,0.002602,0.003797,0.001281,0.001220,0.012913,0.004444,0.002920,0.008575,-0.002430,0.003000
1.000000,-0.013590,0.002326,0.002438,0.001150,-0.000230,0.010305,0.002728,-0.000389,0.004670,-0.002823,0.003000
1.000000,0.002310,0.000848,0.002138,0.001118,0.000051,0.010066,0.002817,-0.000450,0.004736,-0.002622,0.003000
1.000000,-0.008496,-0.003002,0.001741,0.000517,-0.000735,0.007467,0.003503,-0.000492,0.003542,-0.002491,0.003000
1.000000,-0.017014,-0.006711,-0.001527,-0.000275,-0.000793,0.006808,0.003656,-0.000788,0.004803,-0.002848,0.003000
1.000000,0.005311,-0.006296,-0.001847,-0.000381,-0.000409,0.006715,0.003534,-0.000805,0.005142,-0.002704,0.003000
1.000000,0.002743,-0.003029,-0.000352,-0.000380,-0.000659,0.005279,0.005284,-0.001966,0.002246,-0.003164,0.003000
1.000000,-0.012007,-0.005893,-0.002522,-0.000786,-0.001592,0.005142,0.005757,-0.001655,0.002324,-0.003186,0.003000
1.000000,-0.004167,-0.005027,-0.004015,-0.000887,-0.001642,0.005077,0.005544,-0.001800,0.002776,-0.001942,0.003000
1.000000,-0.002190,-0.002062,-0.004386,-0.000722,-0.001621,0.004885,0.005658,-0.001966,0.002596,-0.001756,0.003000
1.000000,-0.009008,-0.004926,-0.005611,-0.000907,-0.001017,0.005067,0.005682,-0.002147,0.002738,-0.002125,0.003000
1.000000,0.001005,-0.005273,-0.004151,-0.000856,-0.000617,0.005145,0.005564,-0.002358,0.002835,-0.001680,0.003000
1.000000,0.000201,-0.002832,-0.004362,-0.001112,-0.000709,0.004597,0.005869,-0.001587,0.002385,-0.002434,0.003000
1.000000,0.001204,-0.001758,-0.003392,-0.000826,-0.000786,0.004785,0.006066,-0.001670,0.002084,-0.002457,0.003000
1.000000,0.016118,0.001904,-0.000079,-0.000803,-0.000210,0.004719,0.005830,-0.002518,0.002030,-0.003353,0.003000
1.000000,-0.001778,0.003350,-0.000788,-0.001317,-0.000517,0.004980,0.005657,-0.002348,0.002378,-0.003660,0.003000
1.000000,0.008271,0.004803,-0.000235,-0.000293,-0.000332,0.004848,0.005066,-0.002008,0.000317,-0.003990,0.003000
1.000000,-0.011837,0.002396,-0.000218,-0.001370,-0.000597,0.004052,0.005452,-0.000849,0.001136,-0.003778,0.003000
1.000000,0.012621,0.004679,0.001461,-0.001277,-0.000104,0.004088,0.005330,-0.000112,0.001421,-0.004360,0.003000
1.000000,0.007808,0.003017,0.002461,-0.000963,0.000339,0.003764,0.005450,0.000038,0.001062,-0.004310,0.003000
1.000000,-0.022813,-0.001190,0.001080,-0.002265,-0.000244,0.004712,0.005510,0.000029,-0.000239,-0.006394,0.003000
1.000000,0.016376,0.000431,0.002617,-0.000767,0.000301,0.004847,0.005589,-0.000643,-0.001705,-0.006806,0.003000
1.000000,0.020340,0.006866,0.004631,0.000134,0.000802,0.006448,0.004000,-0.000633,-0.001049,-0.004393,0.003000
1.000000,0.005736,0.005489,0.005084,0.000846,0.001144,0.006040,0.004055,-0.000160,-0.001334,-0.004432,0.003000
1.000000,-0.015757,0.000776,0.001897,0.000909,0.000097,0.007280,0.003208,-0.001323,0.001033,-0.003726,0.003000
1.000000,0.006756,0.006690,0.002750,0.000981,0.000038,0.007383,0.005041,-0.002928,0.001495,-0.002779,0.003000
1.000000,-0.004821,0.002451,0.001441,0.000603,0.000285,0.004591,0.006161,-0.002698,0.000616,-0.003221,0.003000
1.000000,-0.003874,-0.002392,0.002237,0.001010,-0.000168,0.004551,0.006181,-0.002866,0.000591,-0.003334,0.003000
1.000000,-0.000777,-0.003695,0.000897,0.001179,-0.000552,0.004605,0.006275,-0.003128,0.000889,-0.003124,0.003000
1.000000,-0.003502,-0.001243,-0.000234,0.001113,-0.000720,0.004750,0.006378,-0.003005,0.000952,-0.003296,0.003000
1.000000,0.012011,-0.000192,0.003249,0.002164,-0.000427,0.005476,0.006784,-0.004064,0.001233,-0.002287,0.003000
1.000000,0.015288,0.003829,0.003140,0.002879,0.000535,0.005281,0.006980,-0.003745,-0.000445,-0.000100,0.003000
1.000000,-0.005706,0.003463,0.000535,0.002583,0.000268,0.005298,0.006947,-0.003792,-0.000628,-0.000141,0.003000
1.000000,-0.004205,0.002777,-0.000459,0.002313,0.000411,0.004732,0.006899,-0.002805,-0.001172,-0.001160,0.003000
1.000000,0.003823,0.004242,0.001499,0.001698,0.001106,0.004589,0.007222,-0.002619,-0.001221,-0.001412,0.003000
1.000000,-0.005165,0.000807,0.000307,0.001529,0.000757,0.005727,0.006389,-0.003869,0.000358,-0.000446,0.003000
1.000000,-0.002689,-0.002788,0.000521,0.000981,0.000575,0.005197,0.006215,-0.002520,0.000555,-0.000789,0.003000
1.000000,0.013182,0.000989,0.002226,0.002232,0.001415,0.006148,0.005585,-0.003500,0.001745,0.002162,0.003000
1.000000,0.018056,0.005441,0.004109,0.002503,0.002156,0.006630,0.005565,-0.004025,0.000967,0.002442,0.003000
1.000000,0.005205,0.005718,0.004980,0.002373,0.002402,0.006607,0.005226,-0.003947,0.000727,0.001901,0.003000
1.000000,-0.015510,0.003649,0.002228,0.002738,0.002186,0.006123,0.004918,-0.004568,0.002670,0.003553,0.003000
1.000000,-0.003207,0.003545,0.000379,0.001759,0.002045,0.006558,0.004683,-0.004980,0.003176,0.003864,0.003000
1.000000,-0.003596,0.000190,0.000590,0.000562,0.001919,0.005606,0.004597,-0.003887,0.003298,0.002955,0.003000
1.000000,0.021200,0.000818,0.003130,0.001336,0.002585,0.004037,0.004384,-0.004174,0.001300,0.002531,0.003000
1.000000,-0.011576,-0.002538,0.001590,0.001545,0.001662,0.004048,0.004449,-0.003419,0.002745,0.003643,0.003000
1.000000,-0.015900,-0.002616,0.000517,0.000412,0.001191,0.004058,0.003698,-0.002720,0.003094,0.002720,0.003000
1.000000,-0.005549,-0.003084,0.000231,0.000376,0.000731,0.004269,0.002920,-0.001956,0.003849,0.002051,0.003000
1.000000,0.006502,-0.001065,-0.000437,0.000894,0.001342,0.004210,0.002914,-0.001283,0.004177,0.001602,0.003000
1.000000,-0.007078,-0.006720,-0.002951,0.000579,0.000685,0.004350,0.003064,-0.001730,0.004074,0.001909,0.003000
1.000000,0.014674,-0.001470,-0.002004,0.001488,0.000914,0.004771,0.003293,-0.001596,0.003992,0.001676,0.003000
1.000000,-0.003031,0.001104,-0.000756,0.000736,0.001574,0.004603,0.003118,-0.001210,0.003677,0.001482,0.003000
1.000000,0.011696,0.004553,0.000734,0.000556,0.001418,0.004778,0.003228,-0.001682,0.004093,0.002384,0.003000
1.000000,-0.014356,0.000381,-0.000342,0.000124,0.000261,0.004856,0.003078,-0.002207,0.005297,0.001978,0.004000
1.000000,-0.003049,0.001187,-0.002767,0.000182,-0.000032,0.004641,0.003454,-0.002412,0.005332,0.002320,0.004000
1.000000,-0.010166,-0.003781,-0.002626,-0.000518,0.000155,0.004912,0.003178,-0.001970,0.004306,0.000998,0.004000
1.000000,0.030567,0.002938,0.002021,0.001269,0.000948,0.005962,0.003071,-0.001791,0.004916,-0.000121,0.004000
1.000000,0.020726,0.004744,0.004649,0.002440,0.001800,0.006502,0.000764,-0.001315,0.003372,-0.000883,0.004000
1.000000,-0.015876,0.004440,0.002411,0.000987,0.001400,0.007938,-0.000287,0.000291,0.004853,-0.001965,0.004000
1.000000,0.000186,0.005087,0.003137,0.000093,0.001432,0.007314,-0.000094,0.000314,0.004480,-0.002031,0.004000
1.000000,0.000930,0.007307,0.001763,-0.000121,0.001580,0.007427,-0.000323,0.000425,0.004208,-0.002240,0.004000
1.000000,0.004266,0.002046,0.002492,0.000868,0.001321,0.007482,-0.000435,0.000415,0.004117,-0.002154,0.004000
1.000000,-0.007804,-0.003660,0.000542,0.000638,0.000552,0.008506,0.000071,0.001147,0.005390,-0.003106,0.004000
1.000000,-0.012388,-0.002962,0.000739,0.000199,0.000329,0.008446,0.000697,0.000806,0.005997,-0.002160,0.004000
1.000000,0.006588,-0.001681,0.001703,-0.000532,0.000689,0.010571,-0.000212,0.001586,0.006501,-0.002067,0.004000
1.000000,-0.000751,-0.002018,0.002644,0.000009,0.000536,0.011327,-0.000126,0.000826,0.005556,-0.000488,0.004000
1.000000,0.001313,-0.002608,-0.000281,0.000870,0.000752,0.011528,-0.000711,0.000851,0.005058,-0.000548,0.004000
1.000000,-0.008474,-0.002742,-0.003201,0.000724,0.000559,0.011754,-0.000847,0.000775,0.005506,0.000034,0.004000
1.000000,0.005845,0.000904,-0.001029,0.000691,0.000315,0.011846,-0.001568,0.000620,0.005286,0.000251,0.004000
1.000000,-0.008307,-0.002075,-0.001878,0.000630,-0.000564,0.011724,-0.000992,0.001233,0.005548,-0.000828,0.004000
1.000000,0.005294,-0.000866,-0.001442,0.000161,-0.000561,0.012018,-0.001532,0.001467,0.006068,-0.000923,0.004000
1.000000,-0.011379,-0.003404,-0.003006,-0.000257,-0.000423,0.012301,-0.002037,0.001630,0.006201,-0.001122,0.004000
1.000000,0.000191,-0.001671,-0.002207,-0.000832,-0.000310,0.012293,-0.002002,0.001705,0.006359,-0.001337,0.004000
1.000000,0.017766,0.000713,0.000809,0.000774,0.000402,0.012713,-0.002272,0.002228,0.006916,-0.002079,0.004000
1.000000,0.009138,0.004202,0.001064,0.001383,0.000000,0.012995,-0.003052,0.002561,0.006585,-0.002498,0.004000
1.000000,0.000000,0.003143,0.001139,0.001892,0.000386,0.014055,-0.005326,0.003428,0.004196,-0.002567,0.004000
1.000000,0.007029,0.006825,0.001710,0.000715,0.001150,0.014051,-0.005151,0.003452,0.004301,-0.002526,0.004000
1.000000,0.000737,0.006934,0.002631,-0.000285,0.001360,0.014155,-0.004571,0.003571,0.005223,-0.002555,0.004000
1.000000,0.002575,0.003896,0.002305,0.000638,0.001229,0.013869,-0.005019,0.003593,0.003829,-0.003102,0.004000
1.000000,-0.004973,0.001074,0.002638,0.000380,0.001299,0.013338,-0.004171,0.003474,0.004364,-0.003270,0.004000
1.000000,-0.018636,-0.002654,0.000245,-0.000598,0.000189,0.013852,-0.004475,0.003525,0.004813,-0.003052,0.004000
1.000000,0.001692,-0.003721,0.001552,-0.000727,0.000346,0.014099,-0.004506,0.003642,0.004742,-0.003211,0.004000
1.000000,0.011947,-0.001479,0.002728,0.000260,0.000354,0.013477,-0.004050,0.003086,0.006323,-0.001504,0.004000
1.000000,0.003335,-0.001327,0.001284,0.001047,0.000944,0.012102,-0.002913,0.003430,0.006239,-0.003715,0.004000
1.000000,0.000370,-0.000259,0.000408,0.000736,0.001058,0.012046,-0.002954,0.003507,0.005957,-0.003812,0.004000
1.000000,-0.022624,-0.001056,-0.001855,-0.000358,0.000643,0.012907,-0.003723,0.004440,0.004908,-0.004492,0.004000
1.000000,-0.019092,-0.005213,-0.004467,-0.001378,-0.001012,0.013178,-0.003869,0.004241,0.005839,-0.003919,0.004000
1.000000,0.004424,-0.006718,-0.004098,-0.000733,-0.001556,0.013639,-0.003971,0.004277,0.007493,-0.004534,0.004000
1.000000,-0.003460,-0.008077,-0.004702,-0.001199,-0.001142,0.012293,-0.002984,0.004592,0.008350,-0.005596,0.004000
1.000000,-0.006569,-0.009464,-0.004861,-0.001112,-0.001367,0.012272,-0.003009,0.004520,0.008790,-0.005408,0.004000
1.000000,-0.007784,-0.006496,-0.003776,-0.001766,-0.001658,0.012220,-0.002897,0.004381,0.009099,-0.005242,0.004000
1.000000,0.008171,-0.001044,-0.003128,-0.000788,-0.001527,0.012081,-0.003383,0.004494,0.009231,-0.005165,0.004000
1.000000,-0.013460,-0.004620,-0.005669,-0.001471,-0.001716,0.012569,-0.005545,0.005581,0.006958,-0.005203,0.004000
1.000000,-0.008480,-0.005624,-0.006850,-0.002783,-0.001586,0.012609,-0.005874,0.005820,0.006579,-0.005495,0.004000
1.000000,0.004348,-0.003441,-0.006453,-0.003023,-0.001660,0.012701,-0.005833,0.006110,0.007271,-0.005970,0.004000
1.000000,0.020495,0.002215,-0.002141,-0.001998,-0.000952,0.013266,-0.005356,0.005554,0.006878,-0.005515,0.004000
1.000000,0.000000,0.000580,-0.000232,-0.002349,-0.000996,0.013229,-0.005341,0.005605,0.006749,-0.005697,0.005000
1.000000,-0.014008,0.000471,-0.002075,-0.003087,-0.001181,0.013058,-0.005330,0.005571,0.006834,-0.004574,0.005000
1.000000,-0.019587,-0.001751,-0.003687,-0.004195,-0.002028,0.012150,-0.003595,0.005798,0.008259,-0.007571,0.005000
1.000000,-0.003603,-0.003341,-0.003391,-0.004126,-0.001871,0.011535,-0.003196,0.005512,0.009755,-0.007134,0.005000
1.000000,0.013345,-0.004771,-0.001278,-0.002527,-0.001603,0.011340,-0.002428,0.005915,0.010673,-0.007401,0.005000
1.000000,0.023466,-0.000077,0.000252,-0.001438,-0.000442,0.011902,-0.003208,0.006446,0.010095,-0.007825,0.005000
1.000000,0.008085,0.004341,0.002406,-0.001631,-0.000178,0.011844,-0.002910,0.006514,0.010764,-0.008085,0.005000
1.000000,-0.018381,0.004582,0.001416,-0.002717,-0.001383,0.012337,-0.003394,0.005924,0.012007,-0.007500,0.005000
1.000000,-0.006268,0.004049,0.000354,-0.003049,-0.001897,0.014208,-0.002373,0.006649,0.015561,-0.006168,0.005000
1.000000,0.008219,0.003024,-0.000873,-0.001507,-0.001623,0.014105,-0.002283,0.006569,0.015356,-0.006582,0.005000
1.000000,0.007572,-0.000155,-0.000116,-0.000174,-0.001605,0.013813,-0.001409,0.006263,0.013652,-0.006757,0.005000
1.000000,0.002125,-0.001347,0.001497,-0.000289,-0.001559,0.013820,-0.001561,0.006305,0.013788,-0.006749,0.005000
1.000000,-0.026402,-0.002951,0.000816,-0.001436,-0.002524,0.013560,-0.001977,0.005787,0.013712,-0.007975,0.005000
1.000000,0.000594,-0.001578,0.001236,-0.001078,-0.002339,0.013291,-0.001836,0.006271,0.014429,-0.008027,0.005000
1.000000,-0.004168,-0.004056,-0.000516,-0.000897,-0.001857,0.013036,-0.002933,0.006114,0.012903,-0.008335,0.005000
1.000000,0.004960,-0.004578,-0.002366,-0.001057,-0.001748,0.013372,-0.002800,0.005488,0.013069,-0.006737,0.005000
1.000000,0.012782,-0.002447,-0.001897,0.000255,-0.001720,0.012791,-0.001793,0.006187,0.012518,-0.008919,0.005000
1.000000,0.002732,0.003380,0.000215,0.000815,-0.001740,0.013158,-0.002613,0.006827,0.012115,-0.007064,0.005000
1.000000,0.017577,0.006776,0.002599,0.001477,-0.001166,0.013058,-0.002748,0.006643,0.011387,-0.008907,0.005000
1.000000,0.010854,0.009781,0.002863,0.000995,-0.000050,0.012987,-0.002895,0.006622,0.011168,-0.009397,0.005000
1.000000,0.000379,0.008865,0.002143,0.001014,0.000599,0.012471,-0.003826,0.007093,0.010201,-0.007330,0.004000
1.000000,0.046787,0.015666,0.006609,0.004053,0.002011,0.012844,-0.002938,0.007094,0.011063,-0.008264,0.004000
1.000000,0.018970,0.018913,0.011147,0.005981,0.002758,0.013095,-0.003767,0.005573,0.009509,-0.007084,0.004000
1.000000,-0.006046,0.014189,0.010483,0.005859,0.002776,0.013034,-0.002911,0.004562,0.011081,-0.006399,0.004000
1.000000,-0.003215,0.011375,0.010578,0.005031,0.002928,0.013169,-0.003007,0.004630,0.010962,-0.005921,0.004000
1.000000,0.005531,0.012405,0.010635,0.004134,0.002840,0.013091,-0.003128,0.004668,0.011137,-0.006135,0.004000
1.000000,0.000711,0.003190,0.009428,0.003766,0.003312,0.012983,-0.002886,0.004446,0.011516,-0.005758,0.004000
1.000000,0.001244,-0.000355,0.009279,0.004747,0.003637,0.012853,-0.003240,0.004226,0.010607,-0.007101,0.004000
1.000000,-0.004628,-0.000071,0.007059,0.004829,0.003337,0.012667,-0.003338,0.004412,0.010658,-0.007451,0.004000
1.000000,-0.000535,0.000465,0.005920,0.004391,0.002636,0.012523,-0.003101,0.004358,0.010460,-0.007888,0.004000
1.000000,-0.002860,-0.001214,0.005596,0.003870,0.002541,0.012394,-0.002797,0.004047,0.010306,-0.007863,0.004000
1.000000,0.001967,-0.000962,0.001114,0.003862,0.003074,0.012001,-0.002468,0.003996,0.009051,-0.009069,0.004000
1.000000,0.005346,-0.000142,-0.000248,0.005449,0.003905,0.011673,-0.002487,0.003521,0.008715,-0.010377,0.004000
1.000000,0.008494,0.002482,0.001205,0.005844,0.004308,0.011855,-0.003000,0.003290,0.008746,-0.009814,0.004000
1.000000,0.013129,0.005215,0.002840,0.006709,0.004301,0.011941,-0.002631,0.003143,0.008400,-0.010446,0.004000
1.000000,-0.003484,0.005090,0.001938,0.006287,0.003402,0.012176,-0.002726,0.003023,0.007965,-0.009392,0.004000
1.000000,0.012315,0.007160,0.003099,0.006263,0.003543,0.012237,-0.002832,0.003374,0.008069,-0.009567,0.004000
1.000000,-0.001207,0.005849,0.002854,0.006066,0.004116,0.012352,-0.002947,0.003112,0.007696,-0.008285,0.004000
1.000000,0.008935,0.005937,0.004210,0.005634,0.004623,0.012341,-0.002430,0.003104,0.008013,-0.008143,0.004000
1.000000,-0.007727,0.001766,0.003491,0.004705,0.004091,0.012017,-0.002864,0.004800,0.009872,-0.001854,0.004000
1.000000,-0.040994,-0.005736,-0.000323,0.002637,0.002472,0.013455,-0.000292,0.004659,0.015952,0.001124,0.004000
1.000000,-0.000180,-0.008235,-0.000537,0.000288,0.002395,0.013443,-0.000116,0.004497,0.015919,0.001100,0.004000
1.000000,0.022908,-0.003412,0.001219,0.000485,0.004039,0.014576,-0.002491,0.004505,0.017088,0.002701,0.004000
1.000000,-0.033200,-0.011839,-0.002951,-0.000873,0.002912,0.014509,-0.002571,0.003335,0.018605,0.001349,0.004000
1.000000,-0.008750,-0.012043,-0.005138,-0.001149,0.002760,0.013593,-0.001972,0.004132,0.019279,0.000918,0.004000
1.000000,0.027448,0.001646,-0.002045,-0.000053,0.003509,0.013134,-0.001641,0.003927,0.013499,0.001063,0.004000
1.000000,0.006038,0.002889,-0.002673,0.000213,0.003285,0.013184,-0.001932,0.003899,0.013716,0.001200,0.004000
1.000000,0.036165,0.005541,0.001064,0.001959,0.004399,0.013793,-0.000896,0.002188,0.018129,0.002893,0.004000
1.000000,0.006298,0.013440,0.000801,0.002505,0.004023,0.013344,-0.000853,0.002193,0.018725,0.002896,0.004000
1.000000,-0.003740,0.014442,0.001199,0.002345,0.003537,0.013051,-0.000927,0.002563,0.018203,0.002383,0.004000
1.000000,-0.008381,0.007276,0.004461,0.002069,0.003245,0.012650,-0.000688,0.002485,0.017663,0.003540,0.004000
1.000000,0.005823,0.007233,0.005061,0.002262,0.001879,0.012898,-0.000846,0.002312,0.016503,0.003919,0.004000
1.000000,-0.009264,-0.001853,0.001844,0.001531,0.000938,0.016055,-0.001698,0.001505,0.016769,0.005811,0.004000
1.000000,0.001206,-0.002871,0.005284,0.001167,0.001180,0.013715,-0.002919,0.002688,0.014495,0.004380,0.004000
1.000000,0.013678,0.000612,0.007527,0.001194,0.001743,0.012882,-0.001865,0.002779,0.014298,0.005252,0.004000
1.000000,0.003898,0.003068,0.005172,0.001563,0.001688,0.012855,-0.001948,0.002720,0.014138,0.005170,0.004000
1.000000,0.023570,0.006617,0.006925,0.002126,0.002450,0.013256,-0.000702,0.000945,0.013857,0.003462,0.004000
1.000000,0.001321,0.008734,0.003441,0.002253,0.002453,0.013227,-0.000619,0.000320,0.013660,0.003979,0.004000
1.000000,0.006742,0.009842,0.003485,0.002143,0.002832,0.013467,-0.000663,0.000089,0.013673,0.003898,0.004000
1.000000,-0.004435,0.006219,0.003416,0.002308,0.002702,0.012335,-0.000508,0.000952,0.013182,0.003061,0.004000
1.000000,0.012920,0.008024,0.005546,0.005003,0.003228,0.011833,-0.000396,0.000667,0.012773,0.003212,0.004000
1.000000,0.010346,0.005379,0.005998,0.005530,0.003507,0.010999,-0.000086,-0.000649,0.012289,0.003924,0.004000
1.000000,0.009603,0.007035,0.007885,0.004864,0.003649,0.011654,-0.000589,-0.000665,0.010905,0.004777,0.004000
1.000000,-0.003510,0.004985,0.007413,0.006349,0.003249,0.011415,-0.000395,-0.001601,0.010939,0.005468,0.004000
1.000000,0.006691,0.007210,0.006715,0.007121,0.003034,0.011859,-0.000386,-0.002373,0.010074,0.005574,0.004000
1.000000,-0.015199,0.001586,0.004805,0.004988,0.002644,0.010499,0.000819,-0.003382,0.010748,0.006232,0.004000
1.000000,-0.018221,-0.004127,0.000626,0.003776,0.001626,0.011063,0.001167,-0.002664,0.009791,0.007225,0.004000
1.000000,0.013049,-0.003438,0.001799,0.002620,0.002101,0.011211,0.001547,-0.002488,0.008349,0.007563,0.004000
1.000000,0.007587,-0.001219,0.001883,0.002684,0.002056,0.010962,0.001571,-0.002701,0.007986,0.007940,0.004000
