0.000000,0.001759,0.000544,0.000351,0.000447,-0.005588
1.000000,0.003354,0.000950,0.000422,0.000105,0.000350
2.000000,0.004631,-0.000457,-0.000009,-0.000257,-0.005793
3.000000,0.003600,-0.000018,0.000018,-0.000653,-0.003174
4.000000,-0.002241,0.000282,0.000345,-0.000240,0.002998
5.000000,0.003368,0.002564,0.001379,0.000949,0.022461
6.000000,0.002159,0.002756,0.001138,0.000512,-0.005698
7.000000,0.001962,0.003296,0.000826,0.000292,-0.006776
8.000000,0.003224,0.003412,0.001178,0.000431,0.003133
9.000000,0.001229,-0.000506,0.000070,0.000240,-0.006976
10.000000,-0.003228,0.000070,0.000307,0.000258,0.000175
11.000000,-0.002229,-0.000035,0.000457,0.000270,-0.000700
12.000000,0.002116,0.002039,0.000791,0.000674,0.014946
13.000000,0.000936,0.002080,0.001031,0.000705,-0.002764
14.000000,0.003711,0.002470,0.001376,0.001053,0.006895
15.000000,0.001638,-0.000795,0.000884,0.000654,-0.010187
16.000000,0.001257,-0.000486,0.001135,0.000597,-0.002607
17.000000,-0.001211,0.000452,0.001874,0.000702,0.002607
18.000000,-0.000312,0.000312,0.001862,0.000890,0.001734
19.000000,-0.001621,0.001045,0.000269,0.000395,0.000346
20.000000,-0.005240,-0.001801,-0.000865,-0.000396,-0.028280
21.000000,-0.009150,-0.003947,-0.001991,-0.001011,-0.022157
22.000000,-0.006634,-0.003923,-0.000942,-0.000780,0.015185
23.000000,-0.007197,-0.003754,-0.000837,-0.000564,-0.001077
24.000000,-0.006084,-0.003853,-0.000692,-0.000367,0.005909
25.000000,0.001420,-0.001910,-0.001352,-0.000047,0.009241
26.000000,0.006311,-0.001419,-0.000953,0.000284,0.002297
27.000000,0.003415,-0.001610,-0.000579,0.000713,0.000706
28.000000,0.005666,-0.000765,-0.000226,0.000986,0.010177
29.000000,0.004554,-0.000765,0.000140,-0.000076,0.000349
30.000000,0.001656,0.001538,-0.000131,-0.000064,-0.005249
31.000000,0.004364,0.005338,0.000696,0.000452,0.015839
32.000000,0.008020,0.005718,0.000898,0.001278,0.018986
33.000000,0.007336,0.006501,0.001373,0.001609,0.006755
34.000000,0.011825,0.008190,0.002168,0.002269,0.022794
35.000000,0.008417,0.005036,0.001563,0.000777,-0.022290
36.000000,0.007257,0.005811,0.002196,0.001302,0.010042
37.000000,0.006041,0.007031,0.002711,0.001958,0.012906
38.000000,0.005543,0.006440,0.002837,0.001996,0.004265
39.000000,0.000329,0.006077,0.002656,0.002119,-0.003279
40.000000,0.003468,0.005943,0.003740,0.001893,-0.006591
41.000000,0.002318,0.004788,0.005063,0.002060,0.004289
42.000000,-0.001618,0.002212,0.003965,0.001336,-0.006772
43.000000,-0.002636,0.001454,0.003977,0.001400,-0.000829
44.000000,-0.002246,-0.000959,0.003615,0.001126,-0.001328
45.000000,-0.001294,0.001087,0.003062,0.001405,-0.001829
46.000000,-0.003688,-0.000685,0.002563,0.001235,-0.007683
47.000000,-0.002133,-0.001875,0.002578,0.001182,0.001006
48.000000,-0.000864,-0.001750,0.002345,0.001308,0.005512
49.000000,-0.001032,-0.001639,0.002219,0.001224,-0.002168
50.000000,-0.003830,-0.002562,0.001690,0.001640,-0.015817
51.000000,-0.002124,-0.002906,0.000941,0.002406,0.000848
52.000000,0.000033,-0.001050,0.000581,0.002293,0.011793
53.000000,-0.001942,-0.001403,0.000025,0.002184,-0.004364
54.000000,0.001232,0.000100,-0.000430,0.002443,0.013699
55.000000,0.007327,0.001748,0.001418,0.002624,0.014659
56.000000,0.009304,0.003590,0.001452,0.002905,0.010734
57.000000,0.005908,0.002971,0.000548,0.002709,-0.005190
58.000000,0.006780,0.002419,0.000334,0.002370,0.000000
59.000000,0.002735,0.001984,0.000172,0.002140,-0.006525
60.000000,0.000914,0.004120,0.000779,0.002500,0.005549
61.000000,-0.004482,0.002411,-0.000248,0.001431,-0.016245
62.000000,-0.002718,0.001595,0.000273,0.000919,0.003633
63.000000,-0.004041,0.001370,-0.000017,0.000473,-0.006615
64.000000,-0.001610,0.000563,0.000331,-0.000099,0.005625
65.000000,-0.001766,-0.000426,0.000661,0.000803,0.004773
66.000000,0.003542,-0.000470,0.001560,0.000812,0.010292
67.000000,0.006455,0.001869,0.002420,0.000988,0.018198
68.000000,0.007650,0.001805,0.002112,0.000825,-0.000639
69.000000,0.002883,0.000636,0.001310,0.000327,-0.018210
70.000000,0.003935,0.001085,0.002602,0.000881,0.010032
71.000000,-0.002815,0.000363,0.001387,-0.000044,-0.023458
72.000000,-0.009779,-0.001662,-0.000034,-0.000372,-0.016620
73.000000,-0.008049,-0.000199,0.000585,-0.000077,0.008012
74.000000,-0.002916,-0.000017,0.000273,0.000215,0.007453
75.000000,-0.003181,0.000377,-0.000025,0.000566,0.008708
76.000000,0.001609,-0.000603,-0.000537,0.000839,0.000491
77.000000,0.005357,-0.002211,-0.000171,0.000876,0.002123
78.000000,-0.003861,-0.005955,-0.002075,-0.000577,-0.038079
79.000000,-0.003093,-0.003005,-0.001184,-0.000128,0.011292
80.000000,-0.002568,-0.002875,-0.000895,0.000777,0.011332
81.000000,0.000457,0.001033,0.000698,0.001269,0.015619
82.000000,0.003718,0.004538,0.001438,0.001490,0.018426
83.000000,0.014101,0.005120,0.002460,0.002097,0.013837
84.000000,0.012442,0.004675,0.002329,0.001740,0.002997
85.000000,0.010836,0.004134,0.002255,0.001362,0.003302
86.000000,0.011105,0.005781,0.002589,0.001569,0.016964
87.000000,0.006399,0.005058,0.001424,0.001572,-0.005106
88.000000,0.003724,0.008913,0.001479,0.001588,0.000465
89.000000,0.006324,0.009383,0.003189,0.002338,0.015995
90.000000,0.006820,0.008828,0.002977,0.002346,0.005781
91.000000,0.004999,0.008052,0.004542,0.003149,0.007857
92.000000,0.005357,0.005878,0.005208,0.002918,-0.003317
93.000000,0.005475,0.004600,0.004860,0.003173,0.001057
94.000000,0.001732,0.004028,0.004351,0.002895,-0.002719
95.000000,0.000787,0.003804,0.003969,0.002772,0.001058
96.000000,-0.002088,0.001455,0.003618,0.002211,-0.006519
97.000000,-0.002921,0.001218,0.003138,0.001355,-0.007480
98.000000,-0.001697,0.001889,0.005401,0.001616,0.007176
99.000000,-0.000242,0.000745,0.005064,0.002374,0.004554
100.000000,0.000362,0.000575,0.004701,0.002176,0.004081
101.000000,0.001998,-0.000045,0.004003,0.003013,0.001658
102.000000,-0.004933,-0.003927,0.000975,0.002163,-0.042134
103.000000,-0.006211,-0.003954,0.000323,0.001922,0.000785
104.000000,-0.009141,-0.004692,-0.000332,0.001337,-0.010095
105.000000,-0.010497,-0.005067,-0.000632,0.000957,-0.002699
106.000000,-0.007299,-0.002651,-0.000598,0.001529,0.017647
107.000000,0.005820,0.000443,0.000831,0.002240,0.023461
108.000000,0.004500,-0.000856,0.000517,0.003315,-0.005814
109.000000,0.006611,-0.001265,-0.000260,0.002954,0.000460
110.000000,0.006044,-0.002227,-0.000826,0.002392,-0.005537
111.000000,0.004631,-0.001334,-0.000690,0.002224,0.010585
112.000000,-0.002024,0.001898,-0.001014,0.001283,-0.009815
113.000000,0.000643,0.002572,-0.000691,0.001072,0.007523
114.000000,0.001315,0.003963,-0.000364,0.001100,0.003817
115.000000,-0.002952,0.001546,-0.001761,0.000094,-0.026870
116.000000,-0.008320,-0.001844,-0.002247,-0.001013,-0.016253
117.000000,-0.005088,-0.003556,-0.001556,-0.000632,0.006343
118.000000,-0.007925,-0.003641,-0.002248,-0.000869,-0.006661
119.000000,-0.006001,-0.002343,-0.001804,-0.000954,0.013436
120.000000,0.001714,-0.000619,-0.001423,-0.000757,0.011707
121.000000,0.006572,-0.000874,-0.001104,-0.000751,0.008037
122.000000,0.003417,-0.000836,0.000531,-0.000955,-0.009435
123.000000,0.007864,-0.000031,0.001271,-0.000471,0.015574
124.000000,0.004349,-0.000826,0.001568,-0.000518,-0.004140
125.000000,0.000527,0.001121,0.001333,-0.000800,-0.007402
126.000000,0.002144,0.004358,0.001257,-0.000046,0.016121
127.000000,0.003329,0.003373,-0.000092,0.000087,-0.003509
128.000000,0.000031,0.003947,0.000153,-0.000183,-0.000917
129.000000,0.000644,0.002496,0.000077,-0.000371,-0.001071
130.000000,0.007742,0.004134,0.001758,0.000430,0.028086
131.000000,0.004100,0.003122,0.001124,0.000305,-0.002087
132.000000,0.005992,0.004660,0.001912,0.001908,0.005951
133.000000,0.005403,0.002717,0.001343,0.001753,-0.003864
134.000000,0.006271,0.003458,0.001316,0.002198,0.003270
135.000000,0.001040,0.004391,0.002756,0.002352,0.001927
136.000000,0.001368,0.002734,0.003546,0.001749,-0.000444
137.000000,0.000267,0.003129,0.003251,0.000982,0.000444
138.000000,-0.000298,0.002552,0.003250,0.000953,-0.006688
139.000000,-0.001490,0.002391,0.002444,0.000848,-0.002688
140.000000,0.000118,0.000579,0.002357,0.001365,0.009968
141.000000,0.000148,0.000758,0.001940,0.001002,-0.000296
142.000000,-0.002925,-0.001329,0.001666,0.000832,-0.014919
143.000000,0.001071,0.000386,0.001552,0.001024,0.013289
144.000000,0.001846,0.000178,0.001818,0.000936,0.001186
145.000000,0.003231,0.001675,0.003033,0.002395,0.016894
146.000000,0.004539,0.002343,0.002539,0.003145,0.006244
147.000000,0.007088,0.002082,0.002606,0.002861,-0.002174
148.000000,0.004546,0.002808,0.002680,0.003103,0.000580
149.000000,0.003350,0.002598,0.002494,0.002495,-0.004796
150.000000,0.001075,0.002153,0.001366,0.002289,0.005521
151.000000,0.000000,0.002269,0.001514,0.002050,0.000869
152.000000,-0.002276,0.002406,0.000538,0.001912,-0.013554
153.000000,-0.000348,0.002099,0.001243,0.001734,0.010219
154.000000,0.000582,0.001966,0.001072,0.001867,-0.000145
155.000000,-0.002890,-0.000907,0.000384,0.001719,-0.011836
156.000000,-0.002008,-0.001004,0.000670,0.001358,0.005278
157.000000,0.001112,-0.000582,0.000750,0.001543,0.002045
158.000000,-0.000990,-0.000669,0.001070,0.001564,-0.000292
159.000000,-0.002397,-0.000907,0.000845,0.001360,-0.007178
160.000000,0.001669,-0.000610,0.000771,0.000707,0.008491
161.000000,0.000321,-0.000843,0.000713,0.000728,-0.001459
162.000000,-0.002260,-0.000574,0.000916,0.000168,-0.010862
163.000000,-0.006679,-0.003834,-0.000868,-0.000450,-0.022386
164.000000,-0.003171,-0.002784,-0.000409,-0.000213,0.010360
165.000000,-0.004929,-0.001630,-0.001269,-0.000288,-0.000299
166.000000,-0.006288,-0.002983,-0.001993,-0.000548,-0.008251
167.000000,-0.003183,-0.002722,-0.001652,-0.000407,0.004659
168.000000,0.000873,-0.002903,-0.001786,-0.000254,-0.002101
169.000000,-0.000658,-0.001915,-0.001411,-0.000075,0.002701
170.000000,-0.001319,-0.003124,-0.001867,-0.000527,-0.003603
171.000000,0.003938,-0.001175,-0.001009,0.000084,0.018035
172.000000,0.005793,0.001305,0.000365,0.001046,0.013935
173.000000,0.005805,0.003339,-0.000248,0.000535,-0.002041
174.000000,0.004973,0.002157,-0.000313,0.000446,-0.001461
175.000000,0.006015,0.002348,0.000359,-0.000063,0.001607
176.000000,0.004123,0.004030,0.000524,0.000014,0.008574
177.000000,0.003923,0.004858,0.001068,0.000518,0.012939
178.000000,0.015282,0.010544,0.003820,0.002324,0.054751
179.000000,0.018767,0.011870,0.004978,0.003016,0.015964
180.000000,0.019454,0.012735,0.004805,0.003000,0.005044
181.000000,0.017766,0.010944,0.004885,0.002975,0.000132
182.000000,0.016472,0.010198,0.005751,0.003643,0.006467
183.000000,0.004149,0.009715,0.006527,0.003073,-0.006864
184.000000,0.000744,0.009755,0.005956,0.003043,-0.001060
185.000000,-0.001195,0.009130,0.005739,0.003282,-0.004651
186.000000,-0.002907,0.007429,0.005730,0.002826,-0.008428
187.000000,-0.006334,0.005069,0.004963,0.002402,-0.010669
188.000000,-0.005016,-0.000434,0.005055,0.002402,-0.000272
189.000000,-0.007291,-0.003274,0.004298,0.002227,-0.012436
190.000000,-0.006059,-0.003627,0.004554,0.001995,0.001512
191.000000,-0.006249,-0.004578,0.003183,0.001730,-0.009381
192.000000,-0.006261,-0.006298,0.001950,0.001735,-0.010730
193.000000,-0.006572,-0.005794,0.001961,0.002420,-0.001823
194.000000,0.000577,-0.003357,0.003199,0.002852,0.023305
195.000000,0.000740,-0.002659,0.003235,0.002939,0.002328
196.000000,0.004224,-0.001013,0.003208,0.003482,0.008039
197.000000,0.003472,-0.001395,0.001837,0.002844,-0.014489
198.000000,0.007168,0.000298,-0.000068,0.003469,0.016658
199.000000,0.003453,0.002015,-0.000629,0.003537,0.004728
200.000000,0.006169,0.003455,-0.000086,0.004187,0.015910
201.000000,0.003791,0.004007,-0.000285,0.003458,-0.003854
202.000000,0.010016,0.006744,0.000223,0.003548,0.016638
203.000000,0.005344,0.006256,0.000231,0.003393,-0.006701
204.000000,0.003686,0.003569,0.000106,0.003322,-0.003566
205.000000,0.005624,0.005897,0.001619,0.004122,0.025602
206.000000,0.007757,0.005774,0.002381,0.004064,0.006812
207.000000,0.008587,0.009302,0.003954,0.004325,0.020789
208.000000,0.011253,0.008299,0.004298,0.002721,0.006627
209.000000,0.009079,0.006382,0.004198,0.001708,-0.014436
210.000000,0.003148,0.004386,0.003920,0.001404,-0.004054
211.000000,0.001404,0.004581,0.004294,0.001337,-0.001906
212.000000,-0.002576,0.003006,0.004875,0.001151,0.000890
213.000000,-0.000474,0.005389,0.005823,0.001951,0.017135
214.000000,0.000858,0.004968,0.004269,0.001727,-0.007775
215.000000,0.004593,0.003870,0.004884,0.002369,0.014623
216.000000,0.007686,0.004545,0.005159,0.003102,0.013555
217.000000,0.004722,0.001073,0.005187,0.002993,-0.013928
218.000000,0.000300,-0.000087,0.004106,0.002837,-0.004977
219.000000,0.003445,0.002151,0.004267,0.003516,0.007951
220.000000,0.002417,0.003505,0.003945,0.003782,0.009483
221.000000,-0.001302,0.003192,0.003886,0.003927,-0.005038
222.000000,-0.000099,0.002311,0.002659,0.004020,-0.007916
223.000000,0.000648,0.000474,0.002931,0.004040,-0.001243
224.000000,0.001406,0.002425,0.003697,0.003654,0.011742
225.000000,0.002364,0.002391,0.003131,0.004053,0.014275
226.000000,0.000492,-0.000405,0.002070,0.003305,-0.014398
227.000000,0.003301,0.001601,0.001337,0.003992,0.006126
228.000000,0.004572,0.002610,0.001261,0.003607,0.005117
229.000000,0.000638,0.001022,0.001587,0.003185,-0.007930
230.000000,-0.001679,0.000343,0.001924,0.002745,0.002691
231.000000,0.001250,0.000871,0.002031,0.002881,0.000244
232.000000,-0.000980,0.001161,0.001736,0.002159,-0.005020
233.000000,-0.002027,0.001272,0.000873,0.002378,-0.000123
234.000000,0.002701,0.001669,0.002047,0.003021,0.015712
235.000000,0.002525,0.000423,0.001407,0.002228,0.001811
236.000000,0.002886,0.002068,0.000831,0.002069,0.002049
237.000000,0.000686,-0.000147,0.000727,0.000842,-0.016018
238.000000,0.001077,-0.000475,0.001067,0.000683,0.001833
239.000000,-0.002774,-0.000037,0.000493,0.001046,-0.003547
240.000000,-0.002549,-0.000012,0.000165,0.001279,0.002937
241.000000,-0.003032,-0.000073,0.000399,0.001330,-0.000367
242.000000,0.005263,0.002975,0.002068,0.002149,0.025461
243.000000,0.002885,0.001981,0.001627,0.001242,-0.010059
244.000000,0.003233,0.000229,0.000949,0.001441,-0.001807
245.000000,0.002018,-0.000266,0.000079,0.000849,-0.003140
246.000000,0.004352,0.000660,0.001364,0.000774,0.011305
247.000000,-0.001099,0.002082,0.000968,0.001179,-0.001795
248.000000,0.000769,0.001827,0.000676,0.001321,-0.000719
249.000000,0.000746,0.001990,0.000976,0.000992,-0.001920
250.000000,0.002906,0.002462,0.001225,0.000931,0.007658
251.000000,-0.003037,0.000658,0.000292,0.000485,-0.018407
252.000000,-0.002096,-0.001597,0.000689,0.000846,0.002910
253.000000,-0.004045,-0.001638,0.000172,0.000539,-0.010466
254.000000,-0.002295,-0.000775,-0.000273,0.000375,0.006828
255.000000,-0.004801,-0.000948,-0.000607,-0.000264,-0.004872
256.000000,0.003108,0.000036,0.000348,0.000921,0.021142
257.000000,-0.000194,-0.001145,0.000469,0.000264,-0.013601
258.000000,-0.002016,-0.003031,-0.000602,-0.000560,-0.019580
259.000000,0.001477,-0.000409,0.000790,0.000515,0.024295
260.000000,0.003630,-0.000586,0.000938,0.000621,0.005893
261.000000,0.000883,0.001995,0.001327,0.000860,0.007407
262.000000,0.003912,0.001859,0.000131,0.001079,0.001546
263.000000,0.006756,0.002370,0.000366,0.000904,-0.005362
264.000000,-0.000362,0.000557,-0.000109,0.000004,-0.011294
265.000000,-0.005125,-0.000748,-0.000848,-0.000654,-0.017922
266.000000,-0.013821,-0.006469,-0.003217,-0.001924,-0.036072
267.000000,-0.012808,-0.004448,-0.002796,-0.001170,0.006610
268.000000,-0.008843,-0.001043,-0.002037,-0.000749,0.014465
269.000000,-0.007912,-0.004137,-0.002273,-0.000852,-0.006640
270.000000,-0.001358,-0.003241,-0.001914,-0.000455,0.014848
271.000000,0.005162,-0.004329,-0.001167,-0.000559,-0.003474
272.000000,-0.005263,-0.009036,-0.003588,-0.002925,-0.045514
273.000000,-0.006808,-0.007825,-0.002728,-0.002365,0.006741
274.000000,-0.005299,-0.006605,-0.003024,-0.002274,0.000904
275.000000,-0.008630,-0.004994,-0.002871,-0.002230,-0.001809
276.000000,0.001387,0.003274,-0.001597,-0.001053,0.046614
277.000000,0.012039,0.003388,-0.000530,-0.000735,0.007746
278.000000,0.014404,0.003798,0.001377,-0.000092,0.018565
279.000000,0.014823,0.004762,0.000313,0.000072,0.003001
280.000000,0.017307,0.004338,0.000549,0.000170,0.010611
281.000000,0.010131,0.005759,0.000715,0.001142,0.010734
282.000000,0.008418,0.010229,0.000597,0.001017,-0.000822
283.000000,0.003811,0.009107,0.000641,0.001217,-0.004472
284.000000,0.004691,0.009757,0.001576,0.001236,0.007404
285.000000,0.004457,0.010882,0.002944,0.001713,0.009439
286.000000,0.003374,0.006753,0.005014,0.001186,0.005321
287.000000,0.002335,0.005376,0.004382,0.001439,-0.006017
288.000000,0.001293,0.002552,0.003175,0.001769,-0.009680
289.000000,0.000818,0.002754,0.003758,0.001127,0.005027
290.000000,-0.001443,0.001507,0.002923,0.000868,-0.001867
291.000000,-0.004787,-0.000706,0.002526,0.000241,-0.011396
292.000000,-0.001071,0.000632,0.005430,0.000608,0.012564
293.000000,0.001285,0.001289,0.005198,0.000857,0.002098
294.000000,0.001857,0.001337,0.005547,0.001496,0.007887
295.000000,0.003130,0.000843,0.005863,0.002244,0.004495
296.000000,0.004764,-0.000012,0.003371,0.003339,-0.003225
297.000000,0.001372,0.000151,0.002764,0.002972,-0.004394
298.000000,-0.000840,0.000222,0.001387,0.002191,-0.008963
299.000000,-0.007918,-0.003031,-0.000138,0.001495,-0.027503
300.000000,-0.008289,-0.002580,-0.000537,0.001088,0.002641
301.000000,-0.004906,-0.000071,-0.000389,0.001661,0.013692
302.000000,-0.001746,-0.000187,0.000223,0.003558,0.011405
303.000000,-0.003040,-0.001940,-0.000325,0.002819,-0.015433
304.000000,0.005267,-0.001326,0.000006,0.003256,0.014029
305.000000,0.005766,-0.001262,-0.000209,0.003488,0.005138
306.000000,-0.000782,-0.002844,-0.001428,0.001299,-0.019048
307.000000,-0.003872,-0.002809,-0.001329,0.000906,-0.004044
308.000000,-0.002942,-0.002991,-0.001384,-0.000072,-0.010785
309.000000,-0.007078,-0.000906,-0.001968,-0.000394,-0.006649
310.000000,-0.007693,-0.000964,-0.001772,-0.000679,0.002060
311.000000,0.000095,-0.000344,-0.000207,-0.000374,0.019893
312.000000,0.002134,-0.000869,-0.000528,-0.000141,0.006151
313.000000,0.003559,0.000308,-0.000816,-0.000114,-0.003662
314.000000,0.004248,-0.001415,-0.001370,-0.000468,-0.003201
315.000000,0.000000,-0.003847,-0.002554,-0.001422,-0.019181
316.000000,-0.007643,-0.003774,-0.003309,-0.002210,-0.018322
317.000000,-0.008676,-0.003271,-0.003040,-0.001976,0.000986
318.000000,-0.004525,-0.000483,-0.001737,-0.001084,0.017094
319.000000,-0.010581,-0.003167,-0.002036,-0.002368,-0.033484
320.000000,-0.007875,-0.003938,-0.002451,-0.002494,-0.005649
321.000000,-0.001684,-0.004663,-0.002503,-0.001693,0.012635
322.000000,0.000123,-0.004276,-0.002573,-0.001777,0.010019
323.000000,-0.000582,-0.002553,-0.001123,-0.001395,0.013569
324.000000,0.005580,-0.002501,-0.001958,-0.001747,-0.002675
325.000000,0.006442,-0.000717,-0.002282,-0.001942,-0.001340
326.000000,0.004426,0.001371,-0.001201,-0.001749,0.002557
327.000000,0.001984,0.001054,-0.001109,-0.001675,-0.002191
328.000000,-0.000413,-0.000498,-0.000490,-0.001324,0.001583
329.000000,0.006728,0.006154,0.001494,0.000694,0.033029
330.000000,0.005341,0.005891,0.000977,0.000330,-0.008274
331.000000,0.005800,0.005113,0.000225,0.000035,0.004855
332.000000,0.006758,0.004371,0.000047,-0.000258,0.002595
333.000000,0.007639,0.003613,0.000530,0.000456,0.005991
334.000000,0.000212,0.003470,0.000484,-0.000149,-0.004107
335.000000,0.002125,0.003733,0.001508,-0.000277,0.001293
336.000000,0.000236,0.003018,0.002195,0.000205,-0.004591
337.000000,0.003457,0.005107,0.003080,0.000963,0.018701
338.000000,0.000678,0.004159,0.001830,0.001059,-0.007905
339.000000,0.001149,0.000680,0.003417,0.001223,-0.001752
340.000000,0.002498,0.002311,0.004101,0.001422,0.008035
341.000000,0.003925,0.002081,0.003597,0.000844,0.002548
342.000000,-0.001022,0.001218,0.002794,0.000437,-0.006034
343.000000,0.001233,0.000956,0.002284,0.000672,0.003370
344.000000,0.002579,0.001864,0.002667,0.000944,0.004975
345.000000,0.001663,0.002080,0.002907,0.001699,0.003457
346.000000,0.001337,0.002631,0.002825,0.002340,0.000920
347.000000,0.004169,0.001574,0.003341,0.002578,0.008126
348.000000,0.004156,0.002694,0.003427,0.002118,0.003300
349.000000,0.004090,0.003334,0.002007,0.003390,0.004647
350.000000,0.005065,0.003364,0.002838,0.003856,0.008333
351.000000,0.004769,0.003053,0.002567,0.003416,-0.000561
352.000000,0.004664,0.004417,0.002817,0.003335,0.007601
353.000000,0.004316,0.004236,0.002596,0.002935,0.001558
354.000000,0.003320,0.003705,0.002784,0.003013,-0.000334
355.000000,0.000806,0.002936,0.002508,0.002916,-0.004235
356.000000,0.001431,0.003100,0.002866,0.002917,0.002566
357.000000,0.000578,0.002621,0.002098,0.003101,0.003337
358.000000,0.001264,0.002790,0.002742,0.003214,0.004984
359.000000,0.001551,0.002435,0.002885,0.002150,0.001104
360.000000,0.001934,0.001370,0.002367,0.002349,-0.002320
361.000000,0.001288,0.001360,0.002206,0.002165,-0.000664
362.000000,-0.001180,-0.000301,0.002058,0.001778,-0.009007
363.000000,-0.001286,-0.000011,0.002112,0.001727,0.004458
364.000000,-0.001885,-0.000167,0.001769,0.001801,-0.001892
365.000000,-0.000931,0.000501,0.001718,0.001839,0.002448
366.000000,0.001236,0.001262,0.002181,0.002331,0.010173
367.000000,0.002464,0.000642,0.001632,0.001612,-0.002864
368.000000,0.001683,0.000199,0.001494,0.001894,0.000551
369.000000,0.002458,0.000287,0.001361,0.002019,0.001983
370.000000,-0.000222,-0.000577,0.000397,0.001386,-0.010954
371.000000,-0.000595,0.000320,0.000840,0.001578,0.008310
372.000000,-0.001484,0.000490,0.000095,0.001535,-0.007309
373.000000,-0.000663,0.000510,0.000250,0.001578,0.004657
374.000000,-0.001724,0.000367,0.000100,0.001302,-0.003324
375.000000,0.002037,0.000907,0.000704,0.001448,0.007850
376.000000,-0.000862,-0.000729,0.000267,0.001211,-0.006186
377.000000,0.000732,-0.000376,0.000133,0.000962,0.000665
378.000000,0.000310,-0.000177,0.000011,0.000937,0.002544
379.000000,-0.000022,-0.000873,-0.000293,0.000616,-0.004983
380.000000,-0.001814,0.000111,-0.000233,0.000301,-0.001111
381.000000,-0.000622,-0.000742,-0.000211,0.000313,-0.000222
382.000000,-0.000466,0.000133,0.000312,0.000107,0.001444
383.000000,-0.001130,-0.000410,0.000050,0.000030,-0.000777
384.000000,-0.001314,-0.000668,-0.000151,-0.000156,-0.005905
385.000000,-0.000824,-0.001319,-0.000206,0.000030,0.001340
386.000000,-0.002011,-0.001316,-0.001022,-0.000261,-0.006157
387.000000,-0.000890,-0.000678,-0.000527,-0.000137,0.007049
388.000000,-0.000712,-0.000921,-0.000549,-0.000300,0.000111
389.000000,0.003456,0.001071,0.000099,0.000161,0.014938
390.000000,0.003254,0.001215,0.000663,0.000250,0.000329
391.000000,0.004244,0.001116,0.000187,0.000232,-0.001208
392.000000,-0.007660,-0.004275,-0.002071,-0.001217,-0.052468
393.000000,-0.005195,-0.002954,-0.001682,-0.000951,0.012434
394.000000,-0.011087,-0.003815,-0.002242,-0.001372,-0.014521
395.000000,-0.011269,-0.004007,-0.002663,-0.001473,-0.000581
396.000000,-0.015087,-0.005422,-0.003369,-0.002489,-0.020300
397.000000,-0.005592,-0.006626,-0.003652,-0.002560,-0.004991
398.000000,-0.007009,-0.006102,-0.003512,-0.002400,0.005347
399.000000,-0.006921,-0.009004,-0.003967,-0.002935,-0.014081
400.000000,-0.005966,-0.008617,-0.003701,-0.002430,0.004197
401.000000,-0.002097,-0.008592,-0.003738,-0.002739,-0.000958
402.000000,0.001472,-0.002060,-0.003167,-0.002067,0.012854
403.000000,0.001134,-0.002937,-0.002946,-0.002100,0.003659
404.000000,0.004210,-0.001356,-0.002586,-0.001946,0.001295
405.000000,0.005454,-0.000256,-0.002132,-0.001861,0.010419
406.000000,0.004173,0.001038,-0.002192,-0.001900,-0.007364
407.000000,0.000071,0.000771,-0.002927,-0.002177,-0.007655
408.000000,0.001503,0.001318,-0.002392,-0.001902,0.010817
409.000000,0.002433,0.003321,-0.002841,-0.001537,0.005946
410.000000,0.000976,0.003215,-0.002701,-0.001396,0.003134
411.000000,0.003926,0.004050,-0.002271,-0.001142,0.007389
412.000000,0.004904,0.002488,0.000214,-0.001282,-0.002765
413.000000,0.004372,0.002937,0.000000,-0.000985,0.008157
414.000000,0.002449,0.002441,0.000543,-0.000910,-0.003668
415.000000,0.001248,0.001112,0.000428,-0.001050,-0.002875
416.000000,-0.000046,0.001940,0.001489,-0.000815,0.000921
417.000000,0.001081,0.002993,0.001882,-0.000954,0.002872
418.000000,0.000685,0.002529,0.001924,-0.000752,0.006176
419.000000,0.001624,0.002037,0.002679,-0.001215,0.001026
420.000000,0.002631,0.001940,0.002577,-0.001154,0.002162
421.000000,0.001422,0.000688,0.002369,-0.001285,-0.005128
422.000000,0.000733,0.000907,0.001697,0.000445,-0.000571
423.000000,-0.002825,-0.001070,0.000934,-0.000357,-0.011613
424.000000,-0.002476,-0.000426,0.001008,0.000220,0.002772
425.000000,-0.002608,0.000012,0.000562,0.000289,0.001498
426.000000,-0.001031,0.000195,0.001068,0.001058,0.002760
427.000000,-0.000412,0.000160,0.001577,0.001308,0.002523
428.000000,0.001245,-0.000790,0.000869,0.001019,-0.003327
429.000000,0.000645,-0.000915,0.000561,0.001481,-0.000230
430.000000,0.002426,-0.000091,0.000924,0.001688,0.010407
431.000000,-0.000368,-0.000699,-0.000006,0.001346,-0.011212
432.000000,-0.001841,-0.001127,-0.000110,0.000756,-0.004844
433.000000,-0.001708,-0.000232,-0.000651,0.000545,-0.002663
434.000000,0.000689,0.000667,0.000120,0.000894,0.011754
435.000000,-0.003674,-0.000624,-0.000306,0.000167,-0.011406
436.000000,0.000620,0.000126,0.000161,0.000754,0.010260
437.000000,0.002322,0.000240,0.000200,0.001131,0.003663
438.000000,0.003220,0.000756,-0.000017,0.000832,0.001827
439.000000,-0.001472,-0.000392,-0.000654,0.000243,-0.011703
440.000000,0.001294,-0.001190,-0.000641,0.000219,0.002421
441.000000,0.000893,0.000756,0.000029,0.000248,0.008255
442.000000,-0.000549,0.000886,-0.000120,0.000222,-0.003546
443.000000,-0.005176,-0.000978,-0.000605,-0.000760,-0.021309
444.000000,-0.007454,-0.004463,-0.001898,-0.001407,-0.023090
445.000000,-0.013304,-0.006005,-0.003315,-0.002206,-0.026830
446.000000,-0.016983,-0.008045,-0.003960,-0.002575,-0.010141
447.000000,-0.018524,-0.009537,-0.004648,-0.003045,-0.011250
448.000000,-0.013009,-0.009093,-0.004169,-0.003042,0.006266
449.000000,-0.008516,-0.007985,-0.004188,-0.003097,-0.000625
450.000000,-0.003325,-0.008315,-0.004752,-0.003199,-0.000875
451.000000,0.001289,-0.007847,-0.003545,-0.002597,0.012927
452.000000,0.001628,-0.008448,-0.003781,-0.002896,-0.009555
453.000000,0.004643,-0.004183,-0.002581,-0.001798,0.021342
454.000000,0.004157,-0.002180,-0.003321,-0.001992,-0.003056
455.000000,0.004087,0.000381,-0.002812,-0.002083,-0.001225
456.000000,0.003453,0.002371,-0.002837,-0.001849,0.009759
457.000000,0.005606,0.003617,-0.002960,-0.001893,0.001213
458.000000,0.003772,0.004208,-0.002443,-0.001377,0.012171
459.000000,0.002845,0.003501,-0.002242,-0.001625,-0.007695
460.000000,0.003668,0.003877,-0.002219,-0.001876,0.002893
461.000000,0.008601,0.006027,-0.000910,-0.000355,0.034423
462.000000,0.011084,0.008345,-0.000052,0.000261,0.013628
463.000000,0.011542,0.007657,0.001737,0.000832,0.014462
464.000000,0.013578,0.008211,0.003016,0.000523,0.002484
465.000000,0.014146,0.008907,0.004644,0.001094,0.005735
466.000000,0.008692,0.008646,0.005509,0.000991,0.007151
467.000000,0.007939,0.009511,0.006564,0.001197,0.009860
468.000000,0.003874,0.007708,0.005958,0.000941,-0.005860
469.000000,0.003820,0.008699,0.006100,0.001405,0.002215
470.000000,0.001630,0.007888,0.005883,0.001150,-0.005214
471.000000,0.000067,0.004379,0.005203,0.000853,-0.000668
472.000000,-0.000530,0.003704,0.006025,0.001200,0.006877
473.000000,0.000907,0.002391,0.005024,0.001955,0.001326
474.000000,0.000022,0.001921,0.005066,0.002651,-0.002210
475.000000,0.000910,0.001270,0.005089,0.003519,-0.000775
476.000000,0.003399,0.001733,0.005190,0.004250,0.011777
477.000000,0.004027,0.001748,0.005630,0.004959,0.010016
478.000000,0.002937,0.001922,0.004815,0.004613,-0.004125
479.000000,0.003096,0.001559,0.005129,0.004586,-0.001415
480.000000,0.004748,0.002829,0.005359,0.004865,0.007488
481.000000,0.002241,0.002820,0.003600,0.004409,-0.000757
482.000000,0.000671,0.002349,0.003027,0.004799,0.002162
483.000000,0.003942,0.003439,0.002915,0.004496,0.012233
484.000000,0.006094,0.004595,0.003258,0.004909,0.009342
485.000000,0.005566,0.005157,0.003214,0.005111,0.004849
486.000000,0.010907,0.006574,0.004153,0.005651,0.025949
487.000000,0.009633,0.005152,0.003450,0.005470,-0.004210
488.000000,0.005388,0.004665,0.003293,0.004765,-0.008992
489.000000,0.003457,0.004775,0.003167,0.005011,-0.000312
490.000000,-0.000189,0.002688,0.002759,0.004469,-0.013382
491.000000,-0.005695,0.002606,0.002713,0.003268,-0.001580
492.000000,-0.005592,0.002020,0.002184,0.002691,-0.003696
493.000000,-0.001396,0.001996,0.002718,0.002609,0.011990
494.000000,0.000850,0.002153,0.003374,0.002890,0.010918
495.000000,0.003506,0.001658,0.003408,0.002695,-0.000103
496.000000,0.004544,-0.000575,0.002999,0.002577,0.003613
497.000000,0.004519,-0.000536,0.002308,0.002121,-0.003820
498.000000,0.001811,0.000207,0.002436,0.002265,-0.001553
499.000000,-0.000912,-0.000031,0.002372,0.002101,-0.002697
500.000000,-0.001578,0.000964,0.001826,0.002160,-0.003434
501.000000,-0.001676,0.001434,0.002020,0.002287,0.003122
502.000000,-0.003843,0.000338,0.001179,0.001569,-0.014655
503.000000,-0.004590,-0.001390,0.000303,0.001349,-0.005287
504.000000,-0.005989,-0.003451,-0.000649,0.001099,-0.009694
505.000000,-0.006505,-0.004042,-0.001192,0.000924,-0.006012
506.000000,-0.004860,-0.003268,-0.001922,0.000910,0.011350
507.000000,0.000989,-0.001427,-0.000982,0.001063,0.014586
508.000000,0.000952,-0.001819,-0.000806,0.001018,-0.005471
509.000000,0.000043,-0.002973,-0.001502,0.000590,-0.014239
510.000000,0.002078,-0.002213,-0.000625,0.000479,0.004165
511.000000,-0.000490,-0.002675,-0.000621,0.000455,-0.001493
512.000000,-0.003707,-0.001359,-0.000510,0.000333,-0.001495
513.000000,0.001639,0.001296,-0.000047,0.000634,0.021258
514.000000,0.002616,0.001329,-0.001061,0.000011,-0.009357
515.000000,0.001529,0.001804,-0.001119,-0.000193,-0.001268
516.000000,0.004245,0.001877,-0.000695,-0.000655,0.012090
517.000000,0.001851,-0.000928,-0.001178,-0.000964,-0.013465
518.000000,-0.002931,-0.000646,-0.001232,-0.000752,-0.002651
519.000000,-0.002830,-0.000107,-0.001540,-0.001037,-0.008853
520.000000,-0.007456,-0.002964,-0.002589,-0.001404,-0.024401
521.000000,-0.009677,-0.002716,-0.002695,-0.001319,0.000988
522.000000,-0.009478,-0.003813,-0.002586,-0.001611,-0.012471
523.000000,-0.004989,-0.003960,-0.001332,-0.001351,0.019792
524.000000,-0.001225,-0.002027,-0.000349,-0.001383,0.009967
525.000000,0.004408,-0.001524,0.000140,-0.001254,0.003766
526.000000,0.005495,-0.002091,-0.000107,-0.001160,0.006423
527.000000,0.013670,0.002096,0.000584,-0.000086,0.028402
528.000000,0.010167,0.002589,0.000972,0.000041,0.002279
529.000000,0.011356,0.005066,0.002479,0.000662,0.015912
530.000000,0.014416,0.009412,0.003224,0.001412,0.019065
531.000000,0.014446,0.009971,0.003628,0.001527,0.006573
532.000000,0.008408,0.011039,0.003613,0.001956,-0.001788
533.000000,0.008250,0.009209,0.002625,0.002182,0.001491
534.000000,0.004770,0.008063,0.003018,0.002455,-0.001491
535.000000,0.000399,0.007408,0.002942,0.002562,-0.002788
536.000000,-0.000796,0.006825,0.002367,0.002204,0.000598
537.000000,-0.000099,0.004154,0.003125,0.001774,0.001693
538.000000,-0.000238,0.004006,0.003298,0.001983,0.000796
539.000000,-0.000219,0.002276,0.003671,0.002411,-0.001393
540.000000,-0.000120,0.000140,0.004776,0.002196,-0.002292
541.000000,0.000040,-0.000378,0.004796,0.002292,0.001396
542.000000,-0.000538,-0.000319,0.005360,0.002302,-0.001196
543.000000,-0.001337,-0.000788,0.004211,0.001487,-0.003197
544.000000,-0.001639,-0.000929,0.003567,0.001702,-0.002907
545.000000,0.000020,-0.000050,0.003679,0.001945,0.006004
546.000000,-0.003153,-0.001557,0.002634,0.001059,-0.014471
547.000000,-0.002631,-0.001584,0.001285,0.001555,0.001416
548.000000,-0.007963,-0.004650,-0.000322,0.000648,-0.029856
549.000000,-0.006529,-0.004084,-0.000904,0.001086,0.004261
550.000000,-0.003929,-0.001955,-0.000907,0.002532,0.019003
551.000000,-0.003905,-0.003529,-0.001953,0.002021,-0.014347
552.000000,-0.000364,-0.001498,-0.000908,0.003074,0.019118
553.000000,0.005100,-0.001431,-0.001109,0.002330,-0.002535
554.000000,0.006328,-0.000100,-0.000515,0.002345,0.010403
555.000000,0.001278,-0.001326,-0.000688,0.002011,-0.006249
556.000000,0.004934,0.000515,-0.000521,0.001928,0.003935
557.000000,0.000687,0.000162,-0.000711,0.000910,-0.002117
558.000000,-0.000651,0.002225,-0.001213,0.000527,-0.009226
559.000000,-0.007326,-0.000499,-0.002292,-0.000769,-0.022975
560.000000,-0.005910,-0.002316,-0.002135,-0.001377,0.000833
561.000000,-0.007030,-0.001048,-0.002289,-0.001652,-0.001668
562.000000,-0.002008,-0.000660,-0.001079,-0.000826,0.022994
563.000000,-0.004241,-0.002446,-0.001939,-0.001555,-0.020390
564.000000,0.000583,-0.003372,-0.001736,-0.001467,0.001144
565.000000,0.001246,-0.002332,-0.001829,-0.001236,0.004148
566.000000,0.004048,-0.001491,-0.000488,-0.000844,0.012342
567.000000,-0.001597,-0.001802,-0.000820,-0.001075,-0.005227
568.000000,0.005176,0.000467,0.001346,-0.000653,0.013472
569.000000,0.004501,0.002542,0.001021,-0.000681,-0.002233
570.000000,0.003325,0.002285,-0.000015,-0.000662,-0.001729
571.000000,0.001609,0.002828,0.000890,-0.000583,0.003759
572.000000,0.002573,0.000488,-0.000086,-0.000557,-0.000406
573.000000,-0.000325,0.002426,-0.000010,-0.000484,-0.001015
574.000000,-0.001632,0.001434,-0.000969,-0.000679,-0.008771
575.000000,-0.004280,-0.000477,-0.001405,-0.001378,-0.014965
576.000000,-0.002490,-0.000441,-0.000966,-0.000472,0.012709
577.000000,-0.003025,-0.000226,-0.001014,-0.000622,-0.003085
578.000000,-0.002617,-0.001471,-0.000502,0.000407,0.001029
579.000000,-0.000431,-0.001032,0.000755,0.000337,0.002158
580.000000,0.003443,-0.000418,0.000934,-0.000150,0.004405
581.000000,0.001065,-0.000712,0.001058,0.000356,0.000817
582.000000,0.001968,-0.000529,-0.000020,-0.000234,0.001429
583.000000,0.001394,-0.000611,0.000907,-0.000210,-0.001837
584.000000,-0.002438,-0.001434,0.000000,-0.001124,-0.017001
585.000000,0.001182,0.002313,0.000918,-0.000166,0.022503
586.000000,0.001789,0.001427,0.000493,-0.000168,0.003854
587.000000,-0.000756,0.000606,0.000190,-0.000474,-0.011298
588.000000,-0.001024,0.000185,-0.000643,-0.000273,-0.003178
589.000000,0.003462,0.000512,-0.000260,0.000674,0.005428
590.000000,0.002965,0.002074,0.000828,0.001314,0.020021
591.000000,0.002794,0.002292,0.000790,0.001469,0.002999
592.000000,0.002886,0.001065,0.000268,0.000341,-0.010838
593.000000,0.002551,0.000763,0.000076,0.000859,-0.004855
594.000000,0.004184,0.003823,0.001194,0.001274,0.013595
595.000000,-0.000682,0.001142,0.001727,0.000992,-0.004310
596.000000,0.001709,0.002252,0.001839,0.001079,0.014955
597.000000,0.004628,0.003757,0.002181,0.001379,0.003753
598.000000,0.007131,0.004841,0.002513,0.001185,0.007661
599.000000,0.004705,0.004445,0.002478,0.001308,0.001466
600.000000,0.006600,0.002959,0.002516,0.001538,0.005164
601.000000,0.002165,0.001937,0.002115,0.001172,-0.007218
602.000000,0.003014,0.003821,0.002443,0.001452,0.007995
603.000000,0.001346,0.004238,0.002501,0.001463,-0.000680
604.000000,-0.002240,0.001233,0.002528,0.001207,-0.016461
605.000000,-0.003886,0.001357,0.001249,0.001604,-0.003067
606.000000,-0.001869,0.000148,0.001200,0.001276,0.002870
607.000000,-0.002070,0.000472,0.002115,0.001612,0.006991
608.000000,-0.004104,-0.001379,0.001731,0.001216,-0.010853
609.000000,-0.000495,-0.001367,0.001539,0.001196,0.001586
610.000000,-0.000874,-0.002380,0.000289,0.000884,-0.004964
611.000000,-0.001169,-0.001519,0.000209,0.000903,0.001392
612.000000,0.000940,-0.000565,0.001628,0.001440,0.017537
613.000000,0.004667,0.000281,0.002260,0.001761,0.007783
614.000000,0.002480,0.000993,0.001113,0.002016,-0.009347
615.000000,0.004118,0.001622,0.001489,0.001373,0.003223
616.000000,0.005393,0.002112,0.001130,0.001504,0.007770
617.000000,0.002581,0.001760,0.001116,0.001997,0.003477
618.000000,0.002561,0.003614,0.001117,0.002359,0.007683
619.000000,0.001481,0.001981,0.000307,0.001686,-0.014747
620.000000,0.002192,0.003155,0.000387,0.001245,0.006774
621.000000,0.001254,0.003324,0.000902,0.001247,0.003081
622.000000,-0.000347,0.001117,0.000276,0.001458,-0.004529
623.000000,-0.002833,-0.000136,0.000073,0.001461,-0.004744
624.000000,-0.000467,0.000507,0.000750,0.000911,-0.002915
625.000000,-0.007147,-0.002478,-0.000428,0.000167,-0.026629
626.000000,-0.008504,-0.003625,-0.000757,-0.000455,-0.003705
627.000000,-0.007538,-0.003943,-0.001091,-0.000570,0.000301
628.000000,-0.006991,-0.004912,-0.000649,-0.000892,-0.002008
629.000000,-0.006047,-0.003257,-0.000638,-0.000881,0.001807
630.000000,0.000260,-0.003444,-0.000145,-0.000890,0.004903
631.000000,-0.000844,-0.004674,-0.000675,-0.000957,-0.009226
632.000000,0.000881,-0.003329,-0.001106,-0.000926,0.008926
633.000000,0.004511,-0.001240,-0.000688,-0.000365,0.016145
634.000000,0.004640,-0.000703,-0.000098,0.000266,0.002453
635.000000,0.003718,0.001989,-0.000244,0.000378,0.000294
636.000000,0.005171,0.002163,-0.000731,0.000217,-0.001962
637.000000,0.005204,0.003042,-0.000450,0.000287,0.009089
638.000000,0.001234,0.002873,-0.001020,0.000525,-0.003704
639.000000,0.000568,0.002604,-0.000326,0.000443,-0.000879
640.000000,0.000137,0.001928,-0.000758,0.000546,-0.001859
641.000000,0.000118,0.002645,-0.001015,0.000431,-0.002058
642.000000,-0.002388,0.001408,-0.000960,-0.000268,-0.003440
643.000000,-0.002219,-0.000492,-0.000866,-0.000623,-0.002859
644.000000,-0.002538,-0.000985,-0.000844,-0.000394,-0.002471
645.000000,-0.001909,-0.000886,0.000552,-0.000458,0.001286
646.000000,-0.000079,0.000020,0.001092,-0.000481,0.007092
647.000000,0.000727,-0.000830,0.001106,-0.000577,0.000589
648.000000,-0.001010,-0.001614,0.000629,-0.001218,-0.011544
649.000000,-0.002972,-0.002755,-0.000075,-0.001136,-0.012281
650.000000,-0.001907,-0.001908,0.000010,-0.001141,0.006609
651.000000,-0.001083,-0.000581,0.001032,-0.000870,0.011214
652.000000,-0.002011,-0.000642,0.000383,-0.000854,-0.004054
653.000000,0.001089,0.000039,-0.000226,-0.000564,0.003956
654.000000,0.006387,0.001708,0.000361,0.000006,0.014210
655.000000,0.002223,0.000158,-0.000364,0.000420,-0.014210
656.000000,-0.000197,-0.000640,-0.000310,0.000514,-0.000889
657.000000,0.000594,-0.000709,-0.000770,0.000501,-0.000099
658.000000,-0.000039,0.000525,-0.000545,0.000594,0.000790
659.000000,-0.000409,0.002989,0.000117,0.000946,0.012362
660.000000,0.002179,0.002201,0.000147,0.000740,-0.001268
661.000000,-0.000376,-0.000287,-0.000434,0.000592,-0.013663
662.000000,-0.003790,-0.001598,-0.001120,-0.000277,-0.017170
663.000000,-0.009647,-0.004843,-0.002402,-0.001765,-0.028493
664.000000,-0.022320,-0.011364,-0.004828,-0.003547,-0.051004
665.000000,-0.027234,-0.012528,-0.006185,-0.004418,-0.025841
666.000000,-0.017402,-0.008889,-0.004765,-0.003170,0.035496
667.000000,-0.010182,-0.006986,-0.003847,-0.002842,0.018930
668.000000,-0.006293,-0.007970,-0.003723,-0.003020,-0.009046
669.000000,0.003694,-0.009313,-0.003162,-0.003026,-0.001070
670.000000,0.001981,-0.012626,-0.005213,-0.004111,-0.034404
671.000000,-0.003419,-0.010411,-0.005349,-0.003759,0.008493
672.000000,-0.006329,-0.008255,-0.004927,-0.003499,0.004384
673.000000,-0.007072,-0.006683,-0.005763,-0.003829,-0.012766
674.000000,-0.001612,0.001041,-0.005162,-0.002872,0.026234
675.000000,0.002772,0.002377,-0.005075,-0.003331,-0.012485
676.000000,0.001379,-0.001020,-0.004955,-0.003516,0.001528
677.000000,-0.000285,-0.003307,-0.005146,-0.003667,-0.003934
678.000000,0.001127,-0.002973,-0.005471,-0.003473,-0.005711
679.000000,-0.001299,-0.001455,-0.005384,-0.002593,0.014107
680.000000,0.000959,0.001866,-0.005380,-0.002853,-0.001195
681.000000,0.001044,0.001212,-0.004600,-0.003162,0.001955
682.000000,-0.004451,-0.002368,-0.005312,-0.004074,-0.031413
683.000000,-0.000883,0.000122,-0.003280,-0.003801,0.012131
684.000000,-0.005639,-0.003469,-0.001214,-0.004597,-0.009671
685.000000,-0.006385,-0.002713,-0.000168,-0.004288,-0.004927
686.000000,-0.007090,-0.003023,-0.002022,-0.004311,-0.001573
687.000000,0.001584,-0.001434,-0.002370,-0.003909,0.011957
688.000000,-0.004452,-0.002667,-0.002820,-0.004537,-0.018047
689.000000,-0.002540,-0.004089,-0.002772,-0.004953,-0.000113
690.000000,-0.001080,-0.003733,-0.000934,-0.004831,0.002373
691.000000,-0.000879,-0.003985,-0.001386,-0.004395,-0.000564
692.000000,-0.000534,0.000525,-0.000922,-0.003366,0.013682
693.000000,0.006914,0.001231,0.000677,-0.001777,0.019195
694.000000,0.004231,0.000845,-0.001312,-0.000527,-0.013531
695.000000,0.005674,0.002297,-0.000208,0.000654,0.009589
696.000000,0.007469,0.003295,0.000136,-0.000249,0.008411
697.000000,0.003336,0.001401,-0.000016,-0.001113,-0.006986
698.000000,-0.000525,0.003195,0.000264,-0.000815,-0.000110
699.000000,0.001082,0.002657,-0.000716,-0.000963,-0.005493
700.000000,-0.002450,0.001612,-0.001060,-0.000085,-0.008074
701.000000,-0.001485,0.002992,-0.000496,0.000073,0.013238
702.000000,0.000722,0.002029,0.001277,0.000062,0.004047
703.000000,-0.001429,-0.000977,0.000127,0.000125,-0.010864
704.000000,0.001711,0.001397,0.001121,-0.000409,0.010209
705.000000,0.002801,0.000175,0.001236,-0.000080,-0.002625
706.000000,0.002526,0.000521,0.001908,0.000264,0.011865
707.000000,0.001890,0.001306,0.001353,0.000424,0.000865
708.000000,0.004560,0.001565,0.002380,0.000697,0.002484
709.000000,0.002647,0.002179,0.002418,0.000249,0.000647
710.000000,0.007459,0.005130,0.003371,0.001003,0.021433
711.000000,0.005170,0.003848,0.003420,0.000952,0.000422
712.000000,0.001765,0.001828,0.001928,0.001460,-0.016159
713.000000,0.004226,0.004393,0.001708,0.001549,0.014787
714.000000,0.003928,0.003287,0.002342,0.001843,-0.000845
715.000000,-0.000697,0.003381,0.001778,0.001951,-0.001692
716.000000,-0.000063,0.002553,0.001537,0.002123,0.003593
717.000000,0.000557,0.001161,0.001233,0.001289,-0.013060
718.000000,-0.004852,-0.000313,0.000626,0.001482,-0.012258
719.000000,-0.003497,0.000215,0.001197,0.001684,0.005933
720.000000,-0.001211,-0.000954,0.002088,0.001929,0.009739
721.000000,-0.004265,-0.002164,0.000842,0.001559,-0.011677
722.000000,-0.001007,-0.000225,0.000801,0.001210,0.003228
723.000000,0.004154,-0.000349,0.002022,0.001022,0.013549
724.000000,0.001479,-0.001009,0.001139,0.001225,-0.007445
725.000000,0.002372,0.000581,0.001981,0.001379,0.014204
726.000000,0.002186,-0.001039,0.000757,0.000678,-0.012604
727.000000,0.003746,0.001369,0.001265,0.001279,0.011024
728.000000,0.000740,0.002447,0.001067,0.001233,-0.001477
729.000000,0.002293,0.001886,0.001051,0.001427,0.000317
730.000000,-0.001055,0.000658,-0.000148,0.001611,-0.002536
731.000000,0.001762,0.001974,-0.000095,0.001219,0.001480
732.000000,-0.000253,0.001746,0.000760,0.001116,0.000950
733.000000,0.002059,0.001400,0.000525,0.001814,0.010082
734.000000,-0.000465,0.000914,-0.000048,0.001064,-0.012301
735.000000,-0.001764,-0.001410,-0.000415,0.000850,-0.009033
736.000000,0.004182,0.002972,0.000966,0.001495,0.031211
737.000000,0.004178,0.001962,0.001666,0.001498,0.000931
738.000000,-0.001258,0.000400,0.001424,0.000845,-0.017098
739.000000,-0.000636,-0.000550,0.000668,0.000517,-0.009190
740.000000,0.000320,-0.000722,-0.000032,-0.000339,-0.004254
741.000000,-0.007055,-0.001437,0.000269,-0.000542,-0.005665
742.000000,-0.005576,-0.000699,0.000524,0.000274,0.008325
743.000000,0.003316,0.001029,0.001214,0.000693,0.027365
744.000000,0.005629,0.002497,0.001705,0.000801,0.002376
745.000000,-0.001197,-0.000439,-0.000924,-0.000423,-0.038387
746.000000,-0.005014,-0.006035,-0.001531,-0.001367,-0.024749
747.000000,-0.007097,-0.006337,-0.002187,-0.001002,-0.002090
748.000000,-0.011976,-0.004330,-0.001965,-0.000494,0.002969
749.000000,-0.010942,-0.002656,-0.001603,-0.000440,0.007548
750.000000,-0.002633,-0.001915,-0.001319,-0.000660,0.003155
751.000000,0.002208,-0.001403,-0.001420,-0.000289,-0.000543
752.000000,0.006586,-0.000255,-0.000477,0.000264,0.019803
753.000000,0.005352,-0.003312,-0.001141,-0.000294,-0.003202
754.000000,0.000978,-0.004982,-0.001242,-0.000524,-0.014321
755.000000,-0.002933,-0.002783,-0.001611,-0.001544,-0.016401
756.000000,-0.001615,0.000296,-0.002869,-0.000922,0.006045
757.000000,-0.008623,-0.001018,-0.003678,-0.001798,-0.015237
758.000000,-0.010919,-0.002784,-0.003557,-0.002238,-0.014682
759.000000,-0.011586,-0.005304,-0.003980,-0.002837,-0.017655
760.000000,-0.009713,-0.006323,-0.004119,-0.002987,-0.007035
761.000000,-0.009216,-0.005416,-0.003409,-0.002752,0.008527
762.000000,-0.009035,-0.008829,-0.004542,-0.003261,-0.014331
763.000000,-0.002682,-0.006801,-0.005056,-0.003028,0.017081
764.000000,-0.002149,-0.006868,-0.005925,-0.003117,-0.014988
765.000000,-0.000998,-0.005355,-0.004069,-0.002859,-0.001279
766.000000,-0.005137,-0.007177,-0.003440,-0.004305,-0.012170
767.000000,-0.003026,-0.006030,-0.003524,-0.004462,-0.003774
768.000000,-0.002255,-0.002469,-0.002626,-0.003194,0.020933
769.000000,-0.000815,-0.001482,-0.003393,-0.003147,-0.007784
770.000000,0.000116,-0.000441,-0.003382,-0.002893,0.003377
771.000000,0.002271,-0.001433,-0.003424,-0.002751,-0.001396
772.000000,0.003445,0.000209,-0.004310,-0.002958,0.002093
773.000000,0.003260,0.000502,-0.003149,-0.003204,0.020010
774.000000,0.004247,0.001716,-0.002576,-0.003378,-0.002850
775.000000,0.000395,0.000256,-0.002550,-0.002628,-0.015882
776.000000,0.004216,0.003243,-0.001967,-0.001212,0.017708
777.000000,0.006536,0.004990,-0.000520,-0.000686,0.013697
778.000000,0.011160,0.007210,0.002370,0.000652,0.043126
779.000000,0.011966,0.008106,0.003312,0.000440,0.001184
780.000000,0.014928,0.007661,0.003610,0.000299,-0.001076
781.000000,0.011278,0.007747,0.003157,0.000299,-0.000538
782.000000,0.008237,0.007387,0.003798,-0.000411,-0.001509
783.000000,0.001993,0.006576,0.003539,0.000093,0.011904
784.000000,0.002501,0.007234,0.004475,0.000694,0.003724
785.000000,0.004514,0.009721,0.004988,0.001540,0.008988
786.000000,0.003714,0.007496,0.005370,0.001188,-0.004537
787.000000,0.001911,0.005074,0.005032,0.001345,-0.010524
788.000000,-0.000064,0.000964,0.004087,0.001902,0.002028
789.000000,-0.000170,0.001165,0.004636,0.002597,0.003194
790.000000,-0.000717,0.001898,0.004780,0.003040,0.006252
791.000000,0.001559,0.002636,0.005192,0.002983,0.006843
792.000000,0.004606,0.003258,0.005323,0.003618,0.004710
793.000000,0.003216,0.001576,0.004076,0.002885,-0.004920
794.000000,0.003958,0.001894,0.004564,0.003614,0.006902
795.000000,0.005686,0.002485,0.006103,0.004154,0.014896
796.000000,0.006015,0.003787,0.005642,0.004842,0.008486
797.000000,0.006513,0.005560,0.005317,0.005208,0.007203
798.000000,0.007922,0.005569,0.003267,0.004581,0.002120
799.000000,0.005124,0.004541,0.002853,0.004604,-0.007086
800.000000,0.002713,0.004200,0.003049,0.004586,0.002840
801.000000,0.000691,0.003353,0.002995,0.004579,-0.001622
802.000000,0.003109,0.004811,0.004035,0.005152,0.019293
803.000000,0.001267,0.004594,0.003085,0.004249,-0.007091
804.000000,0.002924,0.004024,0.002959,0.004384,0.001202
805.000000,0.002156,0.002434,0.002460,0.004880,-0.001002
806.000000,0.006861,0.003776,0.003782,0.005020,0.021905
807.000000,0.001961,0.002535,0.004047,0.004390,-0.005210
808.000000,0.003616,0.002441,0.004005,0.002991,0.001182
809.000000,0.003119,0.003022,0.003781,0.002909,-0.001280
810.000000,0.001438,0.001797,0.002998,0.002632,-0.009407
811.000000,-0.001713,0.002574,0.002964,0.002855,0.006150
812.000000,0.001316,0.001639,0.003225,0.003236,0.009938
813.000000,0.002640,0.003128,0.003861,0.003099,0.007802
814.000000,0.004868,0.003994,0.004009,0.003304,0.009860
815.000000,0.007690,0.004564,0.003499,0.003161,0.004702
816.000000,0.007263,0.002775,0.003276,0.003446,0.004013
817.000000,0.005237,0.003277,0.002906,0.003790,-0.000191
818.000000,-0.002011,0.000314,0.001378,0.002775,-0.028441
819.000000,-0.003611,0.000629,0.001825,0.002730,0.001863
820.000000,-0.006658,0.000516,0.001156,0.002171,-0.010535
821.000000,-0.006907,0.000178,0.001376,0.002035,0.002768
822.000000,-0.006554,-0.000658,0.000490,0.001931,0.001578
823.000000,0.001174,-0.000419,0.001355,0.002435,0.010197
824.000000,0.003206,-0.000202,0.001896,0.002605,0.012024
825.000000,0.005602,-0.000528,0.002018,0.002157,0.001445
826.000000,0.005817,-0.000545,0.001115,0.002002,0.003842
827.000000,0.008093,0.000770,0.002023,0.002194,0.012955
828.000000,0.005162,0.003168,0.001741,0.001975,-0.004458
829.000000,0.001307,0.002256,0.001443,0.001969,-0.007251
830.000000,-0.001371,0.002115,0.001316,0.001476,-0.011945
831.000000,-0.002062,0.001877,0.001028,0.001543,0.000388
832.000000,-0.004228,0.001933,0.000637,0.000971,0.002129
833.000000,-0.000877,0.002143,0.000862,0.001617,0.012297
834.000000,-0.000230,0.000538,0.000168,0.001443,-0.004018
835.000000,-0.000058,-0.000715,-0.000621,0.001107,-0.011086
836.000000,0.003629,0.000783,0.000119,0.001004,0.018821
837.000000,0.006037,0.000904,0.000837,0.001650,0.014169
838.000000,0.001976,0.000550,0.001859,0.001344,-0.008004
839.000000,0.003158,0.001464,0.001860,0.001450,0.001889
840.000000,0.004315,0.002129,0.002122,0.001587,-0.005299
841.000000,-0.000648,0.001490,0.001684,0.001182,-0.005995
842.000000,-0.003615,0.001211,0.001572,0.000828,-0.000668
843.000000,0.000661,0.001318,0.001731,0.001014,0.013376
844.000000,-0.000870,0.001144,0.000841,0.000493,-0.005765
845.000000,0.000587,0.002451,0.000868,0.000403,0.001988
846.000000,0.001956,0.000654,0.000719,0.000297,0.000851
847.000000,0.002788,-0.000414,0.000245,0.000420,0.003491
848.000000,-0.000755,-0.000047,0.000251,0.001223,-0.004342
849.000000,-0.000228,-0.000549,0.000458,0.001057,-0.003126
850.000000,-0.001786,-0.000599,0.000765,0.001215,-0.005805
851.000000,-0.000795,0.000580,0.001035,0.001316,0.005805
852.000000,-0.001988,0.000400,0.000805,0.001181,-0.002470
853.000000,0.002276,0.000760,0.001039,0.001407,0.016977
854.000000,0.002508,0.001140,0.001142,0.000941,-0.001966
855.000000,0.004156,0.001185,0.001818,0.000974,0.002433
856.000000,0.006056,0.002630,0.001642,0.001356,0.015306
857.000000,0.007725,0.002869,0.001228,0.001120,0.005874
858.000000,0.004458,0.003367,0.001660,0.001290,0.000640
859.000000,0.005015,0.003762,0.001606,0.001559,0.000823
860.000000,0.003227,0.003691,0.001546,0.001740,-0.006509
861.000000,0.001413,0.003734,0.002157,0.001935,0.006235
862.000000,0.000457,0.004091,0.002246,0.001901,0.001096
863.000000,0.000785,0.002621,0.001691,0.001567,0.002280
864.000000,0.000784,0.002900,0.002020,0.001728,0.000820
865.000000,0.001192,0.002209,0.001697,0.001949,-0.004470
866.000000,-0.002520,-0.000554,0.001038,0.000910,-0.012328
867.000000,-0.003760,-0.001652,0.000608,0.000268,-0.005104
868.000000,-0.005898,-0.002557,0.000405,0.000254,-0.008409
869.000000,-0.005294,-0.002255,0.000753,0.000319,0.003839
870.000000,-0.004643,-0.001726,0.000983,0.000455,-0.001216
871.000000,-0.001207,-0.001864,0.000935,0.000817,0.004854
872.000000,0.000595,-0.001583,0.001254,0.000969,0.003904
873.000000,0.002146,-0.001876,0.000373,0.000502,-0.000650
874.000000,0.003539,-0.000878,0.001011,0.001054,0.010802
875.000000,-0.005407,-0.005025,-0.001408,-0.000544,-0.045943
876.000000,-0.012647,-0.006927,-0.003740,-0.001617,-0.031349
877.000000,-0.007331,-0.003368,-0.002510,-0.000717,0.030483
878.000000,-0.002428,-0.000141,-0.001349,0.000223,0.023866
879.000000,0.000605,0.002072,-0.000091,0.001193,0.025968
880.000000,0.010780,0.002687,0.000481,0.001551,0.004932
881.000000,0.014335,0.000844,-0.000510,0.000905,-0.013574
882.000000,0.007869,0.000269,-0.000657,0.000926,-0.001849
883.000000,0.004680,0.001126,-0.000375,0.000624,0.007925
884.000000,0.000622,0.000613,-0.000132,0.000879,0.005675
885.000000,0.000727,0.005754,0.000364,0.000979,0.005461
886.000000,0.004149,0.009242,0.001157,0.000587,0.003534
887.000000,0.003975,0.005922,0.001277,0.000301,-0.002717
888.000000,0.002916,0.003798,0.001829,0.000367,0.002627
889.000000,0.002305,0.001463,0.001768,0.000427,0.002620
890.000000,0.000634,0.000681,0.001684,0.000547,-0.002891
891.000000,-0.001507,0.001321,0.001082,0.000100,-0.007174
892.000000,-0.000509,0.001733,0.001001,0.000140,0.002276
893.000000,-0.002311,0.000302,0.000714,-0.000149,-0.006385
894.000000,-0.000506,0.000899,0.000756,0.000212,0.011645
895.000000,-0.000362,0.000136,0.002945,0.000288,-0.002173
896.000000,0.002338,0.000415,0.004829,0.000910,0.006325
897.000000,0.000907,0.000199,0.003061,0.000918,-0.004876
898.000000,0.001967,-0.000172,0.001813,0.001162,-0.001087
899.000000,-0.006415,-0.003460,-0.000999,0.000025,-0.030265
900.000000,-0.003659,-0.002011,-0.000665,0.000452,0.011607
901.000000,-0.004758,-0.001210,0.000055,0.000318,0.000831
902.000000,-0.001399,-0.000246,0.000744,0.000585,0.011920
903.000000,-0.000744,0.000611,0.000457,0.000680,0.002185
904.000000,0.006578,0.000081,0.000490,0.000531,0.006346
905.000000,0.003858,0.000100,0.000118,0.001996,-0.001990
906.000000,0.003348,-0.000705,-0.000145,0.002984,-0.001722
907.000000,0.000109,-0.000645,-0.000223,0.001826,-0.004273
908.000000,-0.000091,-0.000418,-0.000295,0.001069,0.001184
909.000000,-0.001889,0.002345,-0.000558,0.000116,-0.002642
910.000000,-0.001600,0.001129,-0.000441,-0.000067,-0.000548
911.000000,-0.001951,0.000699,-0.000256,0.000270,-0.003475
912.000000,-0.000547,-0.000219,-0.000232,0.000423,0.002744
913.000000,-0.000857,-0.000474,0.000069,0.000147,-0.000365
914.000000,-0.001925,-0.001907,-0.000913,-0.000309,-0.007982
915.000000,-0.000292,-0.000946,-0.000423,-0.000237,0.007616
916.000000,0.000494,-0.000728,-0.000717,-0.000339,0.000457
917.000000,0.000018,-0.000265,-0.000455,-0.000237,0.000365
918.000000,0.001239,0.000191,-0.000113,-0.000133,0.005738
919.000000,0.002690,0.000382,0.001364,-0.000244,-0.000727
920.000000,0.003713,0.001711,0.001420,0.000276,0.012733
921.000000,0.003173,0.001833,0.001266,0.000441,-0.002246
922.000000,0.003387,0.001703,0.000742,0.000413,0.001438
923.000000,0.002240,0.001739,0.000633,0.000625,0.000000
924.000000,0.003728,0.003209,0.000651,0.000461,0.006713
925.000000,0.001377,0.002545,0.000800,0.000566,0.000981
926.000000,0.001933,0.002553,0.000912,0.000373,0.000535
927.000000,0.000449,0.001918,0.000827,0.000336,-0.005986
928.000000,-0.004395,-0.001077,-0.000443,-0.000435,-0.024216
929.000000,-0.001774,0.000977,0.000680,0.001235,0.019815
930.000000,-0.004762,-0.001692,0.000009,0.000382,-0.013957
931.000000,-0.005948,-0.002008,-0.000087,0.000175,-0.005399
932.000000,-0.002325,-0.000938,0.000382,0.000182,0.012130
933.000000,0.000861,-0.001767,-0.000014,-0.000167,-0.008284
934.000000,-0.002044,-0.001909,0.000650,-0.000202,0.005288
935.000000,0.001346,-0.001708,0.000419,-0.000036,0.002996
936.000000,0.005663,-0.000143,0.001205,0.000561,0.016186
937.000000,0.005455,0.001565,0.001741,0.001073,0.011088
938.000000,0.004965,0.002913,0.000918,0.000676,-0.010731
939.000000,0.002960,0.000458,0.000717,0.000606,-0.004737
940.000000,0.003754,0.002550,0.000429,0.000856,0.006964
941.000000,0.000303,0.002983,0.000488,0.000936,-0.001068
942.000000,-0.004352,0.000551,-0.000193,0.000439,-0.012187
943.000000,0.000605,0.002785,0.000509,0.000919,0.014055
944.000000,0.000698,0.001829,-0.000040,0.001043,-0.004276
945.000000,-0.001823,0.000965,-0.000371,0.000601,-0.005640
946.000000,-0.000946,-0.000322,-0.000232,0.000696,0.003316
947.000000,0.004034,-0.000159,0.000703,0.001108,0.012715
948.000000,0.000018,0.000312,0.001612,0.000716,-0.006026
949.000000,-0.000071,0.000313,0.000386,0.000583,-0.004722
950.000000,-0.002766,-0.002295,0.000128,-0.000479,-0.019115
951.000000,-0.001888,-0.001417,0.000783,-0.000147,0.007708
952.000000,-0.005355,-0.000660,-0.000054,-0.000349,-0.004618
953.000000,-0.003244,-0.001613,0.000586,-0.000198,0.004527
954.000000,-0.003605,-0.001838,-0.000005,-0.000639,-0.006526
955.000000,0.001343,-0.000712,0.000127,-0.000485,0.005622
956.000000,0.000000,-0.000944,-0.000633,-0.000469,0.000994
957.000000,-0.000309,-0.002832,-0.001495,-0.000475,-0.006162
958.000000,-0.002070,-0.002657,-0.001173,0.000189,-0.004281
959.000000,0.000109,-0.001748,-0.000717,-0.000326,0.004372
960.000000,-0.005129,-0.001893,-0.002094,-0.000546,-0.020568
961.000000,-0.004587,-0.002293,-0.001855,-0.000243,0.003704
962.000000,-0.002930,-0.001619,-0.001140,-0.000576,0.002124
963.000000,0.003170,0.000550,-0.000532,0.000574,0.026217
964.000000,0.001449,0.000779,-0.000530,0.000257,-0.004232
965.000000,0.001884,-0.001623,-0.001167,-0.000456,-0.018394
966.000000,-0.001205,-0.002896,-0.001920,-0.001387,-0.011740
967.000000,0.000111,-0.001410,-0.002121,-0.001467,0.008703
968.000000,-0.006409,-0.001620,-0.002138,-0.001322,-0.006381
969.000000,0.001008,0.001228,-0.000260,-0.000069,0.032853
970.000000,0.006047,0.003965,0.001036,-0.000074,0.006800
971.000000,0.006207,0.002501,0.000104,-0.000403,-0.010938
972.000000,0.007704,0.003907,0.001144,0.000543,0.016185
973.000000,0.004948,-0.000730,-0.000090,-0.000598,-0.020159
974.000000,-0.002166,-0.000579,0.000100,-0.000546,-0.002719
975.000000,-0.003635,0.001206,-0.000208,-0.000376,-0.000545
976.000000,-0.001738,0.002234,-0.000331,-0.000535,-0.001454
977.000000,-0.002338,0.002683,0.000637,-0.000519,0.013189
978.000000,0.002643,0.003796,0.001088,-0.000160,0.004745
979.000000,0.004895,0.001364,0.001296,0.000282,0.008538
980.000000,0.005781,0.001073,0.002519,0.001048,0.003889
981.000000,0.006337,0.002299,0.002400,0.000836,0.001322
982.000000,0.004227,0.000945,0.002426,0.001077,0.002639
983.000000,0.001459,0.002051,0.000660,0.000624,-0.009091
984.000000,0.001289,0.003092,0.001256,0.001097,0.007685
985.000000,0.001301,0.003541,0.002374,0.001042,0.003952
986.000000,-0.002589,0.001874,0.002054,0.000404,-0.018130
987.000000,-0.003886,0.000170,0.001427,0.000481,-0.003845
988.000000,-0.000728,0.000366,0.002081,0.000847,0.006697
989.000000,-0.000776,0.000256,0.000810,0.000950,0.007448
990.000000,0.003217,0.002259,0.001666,0.002432,0.023915
991.000000,0.001494,-0.000548,0.000876,0.001417,-0.026745
992.000000,0.002511,-0.000688,0.000128,0.001388,0.001239
993.000000,0.000657,-0.000035,0.001008,0.000429,-0.002569
994.000000,-0.001152,-0.000964,0.001064,0.000516,-0.001598
995.000000,-0.007379,-0.002081,0.000730,0.000889,-0.007222
996.000000,-0.000888,0.000303,0.001088,0.001470,0.005711
997.000000,-0.001670,0.000420,0.000295,0.001091,-0.002673
998.000000,-0.000729,-0.000036,0.000165,0.001375,0.002139
999.000000,-0.001301,-0.001226,-0.000485,0.000131,-0.004461
1000.000000,0.000893,-0.003243,-0.000492,0.000030,0.003749
1001.000000,0.000160,-0.000364,-0.000456,0.000463,0.002047
1002.000000,0.001422,-0.000124,-0.000406,0.000044,0.003638
1003.000000,0.000302,-0.000213,-0.000124,0.000601,-0.003461
1004.000000,-0.000197,-0.000749,-0.000856,0.000460,-0.006957
1005.000000,-0.001484,-0.000296,-0.001188,0.000388,-0.002689
1006.000000,-0.001696,-0.000768,-0.000233,0.000470,0.000987
1007.000000,-0.001440,-0.000009,0.000206,0.000194,0.004919
1008.000000,0.001435,0.000869,0.000417,0.000400,0.010915
1009.000000,0.003126,0.001465,0.000119,0.000165,0.001499
1010.000000,0.005191,0.001854,-0.000695,0.000290,0.007637
1011.000000,0.003326,0.000815,0.000225,-0.000032,-0.008343
1012.000000,0.000979,-0.000231,-0.000177,-0.000347,-0.006813
1013.000000,-0.001133,0.000151,-0.000031,-0.000033,0.000355
1014.000000,-0.001433,0.000847,0.000049,-0.000289,0.000000
1015.000000,-0.001863,0.001664,0.000684,-0.000237,0.005488
1016.000000,0.000388,0.001857,0.000544,0.000464,0.002909
1017.000000,0.002506,0.001742,0.000867,0.000718,0.003777
1018.000000,-0.000693,-0.000913,-0.000022,-0.000027,-0.015641
1019.000000,-0.001068,-0.001250,0.000107,-0.000337,-0.001872
1020.000000,-0.002827,-0.002345,-0.000246,-0.001245,-0.003307
1021.000000,-0.002497,-0.001055,-0.000120,-0.000201,0.004555
1022.000000,-0.002133,0.000186,-0.000022,-0.000056,0.005599
1023.000000,0.001190,0.000248,0.000200,0.000062,0.000974
1024.000000,0.002342,0.000637,0.000742,0.000245,0.003888
1025.000000,0.000661,-0.001083,0.000291,0.000095,-0.011710
1026.000000,0.000871,-0.000813,0.000522,0.000092,0.005606
1027.000000,-0.002982,-0.002558,-0.000408,-0.000275,-0.013669
1028.000000,-0.000834,0.000178,-0.000368,0.000044,0.011715
1029.000000,0.001178,0.001760,0.000255,0.000658,0.013949
1030.000000,0.003555,0.002108,-0.000118,0.000539,0.000175
1031.000000,0.002732,0.001802,0.000373,0.000520,0.001489
1032.000000,0.005658,0.001338,0.000762,0.000431,0.000962
1033.000000,0.004727,0.001946,0.001097,0.000782,0.007058
1034.000000,0.002665,0.001922,0.001279,0.001135,0.003640
1035.000000,0.003114,0.003335,0.001126,0.001305,0.002419
1036.000000,0.002781,0.002757,0.000972,0.001267,-0.000173
1037.000000,0.003811,0.004735,0.001088,0.001306,0.006110
1038.000000,0.003631,0.004179,0.002178,0.001148,0.006158
1039.000000,0.003329,0.002997,0.002378,0.001169,0.002129
1040.000000,-0.000518,0.001298,0.001703,0.000354,-0.016817
1041.000000,-0.000432,0.001175,0.001488,0.000640,0.000260
1042.000000,-0.000636,0.001588,0.001463,0.001037,0.005091
1043.000000,-0.001232,0.001200,0.001573,0.001131,0.003179
1044.000000,-0.001984,0.000673,0.001297,0.001077,-0.001631
1045.000000,0.000138,-0.000190,0.001572,0.000687,-0.006206
1046.000000,0.003277,0.001423,0.002090,0.001122,0.015955
1047.000000,0.000464,-0.000086,0.002324,0.000697,-0.008976
1048.000000,-0.000137,-0.000684,0.001747,0.001224,0.000172
1049.000000,-0.001138,-0.001561,0.000718,0.001065,-0.006633
1050.000000,-0.000190,-0.000026,0.000636,0.001127,-0.001470
1051.000000,-0.003243,0.000017,0.000596,0.000998,0.000692
1052.000000,-0.000223,0.000120,0.000854,0.001015,0.006122
1053.000000,0.002356,0.001109,0.001154,0.001418,0.013066
1054.000000,0.005506,0.002184,0.001428,0.001593,0.009122
1055.000000,0.004924,0.002367,0.001088,0.001837,-0.004382
1056.000000,0.005797,0.001277,0.001350,0.001819,0.005054
1057.000000,0.004941,0.002359,0.001137,0.002336,0.001847
1058.000000,0.001774,0.002065,0.000690,0.001853,-0.002771
1059.000000,-0.001282,0.002112,0.000276,0.001183,-0.006158
1060.000000,-0.001441,0.001742,0.000858,0.001004,-0.005175
1061.000000,-0.002214,0.001792,0.000904,0.000994,0.001190
1062.000000,-0.002974,0.000984,0.000552,0.000897,-0.001956
1063.000000,-0.002318,-0.000272,0.000419,0.000679,0.000511
1064.000000,0.000017,-0.000633,0.000776,0.000741,0.005515
1065.000000,0.002216,0.000388,0.001377,0.000855,0.005821
1066.000000,0.000085,-0.001064,0.000106,0.000545,-0.009466
1067.000000,0.001695,-0.000639,0.000860,0.000545,0.006096
1068.000000,0.001947,-0.000185,0.000940,0.000398,0.001771
1069.000000,0.000237,0.000127,0.001120,0.000226,-0.003038
1070.000000,0.000034,0.001125,0.001433,0.000947,0.004805
1071.000000,0.002481,0.001283,0.001537,0.001031,0.002772
1072.000000,0.001530,0.001613,0.001298,0.000906,0.001341
1073.000000,0.001594,0.001771,0.000749,0.000869,0.002092
1074.000000,0.002402,0.001320,0.000344,0.000957,0.001003
1075.000000,0.001391,0.000712,0.000550,0.001156,-0.000251
1076.000000,-0.000942,0.000770,-0.000147,0.000327,-0.008893
1077.000000,-0.002173,-0.000321,-0.000480,0.000466,-0.004815
1078.000000,-0.000989,0.000303,0.000059,0.000727,0.008012
1079.000000,-0.001509,0.000447,0.000287,0.000895,-0.001597
1080.000000,-0.001022,0.000185,0.000655,0.001017,0.002185
1081.000000,0.003160,0.001109,0.001196,0.001395,0.012016
1082.000000,0.000558,-0.000807,0.000403,0.000596,-0.017825
1083.000000,-0.000017,-0.000503,0.000634,0.000332,0.005138
1084.000000,0.002026,0.000259,0.000789,0.000315,0.008615
1085.000000,0.001589,0.000284,0.000498,0.000461,0.000000
1086.000000,-0.000698,0.001231,0.001000,0.000312,0.000583
1087.000000,0.002367,0.001463,0.000571,0.000167,-0.002500
1088.000000,0.002089,0.001036,0.000670,0.000385,0.003748
1089.000000,-0.000250,0.000888,0.000667,0.000487,-0.003081
1090.000000,0.000449,0.001019,0.000602,0.000776,0.003496
1091.000000,0.001757,0.000529,0.000819,0.000974,0.007121
1092.000000,0.004015,0.003191,0.001192,0.001332,0.008790
1093.000000,0.004147,0.003118,0.001308,0.001462,0.004407
1094.000000,0.007175,0.003462,0.001860,0.001680,0.012060
1095.000000,0.006137,0.003293,0.001788,0.001430,-0.001691
1096.000000,0.005051,0.003404,0.002318,0.001802,0.001691
1097.000000,0.003197,0.003606,0.002534,0.001582,-0.000483
1098.000000,0.004747,0.004447,0.002742,0.001929,0.012160
1099.000000,0.002685,0.004930,0.002909,0.002088,0.001748
1100.000000,0.003023,0.004580,0.002800,0.001928,0.000000
1101.000000,0.003809,0.004430,0.002480,0.002023,0.005620
1102.000000,0.004835,0.004016,0.003603,0.002133,0.004646
1103.000000,0.004108,0.004428,0.003773,0.002348,0.008527
1104.000000,0.004055,0.003370,0.003416,0.002364,0.001479
1105.000000,0.005032,0.004028,0.003660,0.002535,0.004888
1106.000000,0.005650,0.004729,0.004067,0.003122,0.008709
1107.000000,0.004244,0.004540,0.004073,0.003203,-0.002382
1108.000000,0.003613,0.003861,0.004154,0.003115,0.005370
1109.000000,0.003623,0.003839,0.004384,0.003219,0.001529
1110.000000,0.003757,0.004395,0.004487,0.003331,0.005561
1111.000000,0.001651,0.003650,0.004040,0.002870,-0.001825
1112.000000,0.001517,0.002881,0.003448,0.003363,-0.003049
1113.000000,-0.000383,0.001615,0.003021,0.003054,-0.004131
1114.000000,0.000762,0.002193,0.002781,0.003008,0.007256
1115.000000,0.000106,0.001932,0.002980,0.003084,0.002280
1116.000000,0.001879,0.001765,0.003247,0.003299,0.007036
1117.000000,0.003075,0.002296,0.003418,0.003481,0.002936
1118.000000,0.005444,0.002531,0.003196,0.003613,0.007713
1119.000000,0.005405,0.003084,0.003461,0.003951,0.007061
1120.000000,0.005895,0.003001,0.003698,0.003992,0.004729
1121.000000,0.005679,0.003779,0.003714,0.003953,0.005953
1122.000000,0.005589,0.004332,0.003607,0.003743,0.002488
1123.000000,0.003094,0.004269,0.002942,0.003437,-0.004763
1124.000000,0.000429,0.002917,0.002555,0.002827,-0.006263
1125.000000,-0.002075,0.001910,0.001921,0.002623,-0.007791
1126.000000,-0.006041,-0.000181,0.000792,0.002104,-0.013876
1127.000000,-0.005589,0.000000,0.001148,0.002279,0.004747
1128.000000,-0.005314,-0.001110,0.000710,0.001760,-0.003388
1129.000000,-0.001961,-0.000766,0.001159,0.002052,0.010504
1130.000000,-0.002112,-0.002093,0.000454,0.001767,-0.008545
1131.000000,0.000829,-0.002606,0.000586,0.001608,0.000828
1132.000000,0.000195,-0.002697,0.000818,0.001505,0.001578
1133.000000,0.000587,-0.002363,0.000953,0.001174,-0.001428
1134.000000,-0.000883,-0.001422,0.000748,0.001229,0.003154
1135.000000,0.003241,0.000565,0.001237,0.001469,0.012072
1136.000000,0.003504,0.002167,0.000993,0.001250,0.002146
1137.000000,0.001317,0.000756,0.000378,0.001018,-0.009356
1138.000000,0.002526,0.001557,0.000223,0.000992,0.004615
1139.000000,0.003331,0.001224,0.000229,0.001181,0.007178
1140.000000,0.001784,0.002513,0.000210,0.001140,0.004341
1141.000000,0.002264,0.002884,0.000139,0.001352,0.004541
1142.000000,0.004966,0.003142,0.000222,0.001592,0.004157
1143.000000,0.005002,0.003764,0.000700,0.001890,0.004792
1144.000000,0.004678,0.004005,0.001291,0.001833,0.005561
1145.000000,0.004242,0.003013,0.001789,0.001829,0.002158
1146.000000,0.004037,0.003150,0.002658,0.001712,0.003515
1147.000000,0.003735,0.004350,0.002553,0.001702,0.002646
1148.000000,0.001271,0.003136,0.002346,0.001194,-0.007528
1149.000000,-0.004266,0.000206,0.000715,0.000221,-0.022121
1150.000000,-0.000677,0.001783,0.002148,0.000734,0.020104
1151.000000,-0.002102,0.000967,0.001926,0.000415,-0.003612
1152.000000,-0.000587,0.001574,0.002358,0.000673,0.010225
1153.000000,0.000403,0.000837,0.002300,0.000746,-0.002582
1154.000000,0.004453,0.000094,0.002049,0.000892,-0.001869
1155.000000,0.000403,-0.000137,0.001438,0.001147,-0.000144
1156.000000,0.000867,-0.000618,0.001266,0.001566,-0.001296
1157.000000,-0.001452,-0.001019,0.001665,0.001362,-0.001370
1158.000000,0.001374,0.000888,0.002012,0.001860,0.011551
1159.000000,-0.000173,0.002140,0.001173,0.001190,-0.009604
1160.000000,-0.000808,-0.000202,0.000790,0.001364,-0.003318
1161.000000,0.001279,0.001073,0.001020,0.001641,0.009135
1162.000000,0.001008,-0.000222,0.000676,0.001498,-0.002725
1163.000000,-0.001245,0.000065,0.000451,0.001555,0.000287
1164.000000,-0.003121,-0.001647,-0.000777,0.000817,-0.018985
1165.000000,-0.002721,-0.001764,-0.000950,0.000371,-0.001318
1166.000000,-0.002145,-0.000433,-0.000526,0.000700,0.012014
1167.000000,0.000416,0.000712,-0.000154,0.001348,0.010081
1168.000000,-0.001585,-0.001415,-0.000263,0.000870,-0.009720
1169.000000,0.001574,-0.000774,0.000683,0.000524,-0.003188
1170.000000,0.002229,-0.000246,-0.000224,0.000445,0.001958
1171.000000,0.000304,-0.000921,0.000076,0.000373,0.002388
1172.000000,-0.002407,-0.000996,-0.000609,0.000119,-0.003475
1173.000000,-0.000101,-0.000843,-0.000389,0.000019,0.001811
1174.000000,0.001993,0.001784,0.000068,0.000077,0.007284
1175.000000,0.001170,0.001700,-0.000032,-0.000067,-0.002158
1176.000000,0.002827,0.001565,0.000566,0.000171,0.010673
1177.000000,0.003351,0.000472,0.000592,0.000055,-0.000855
1178.000000,0.000665,0.000282,-0.000567,-0.000082,-0.011620
1179.000000,0.004940,0.003467,0.001346,0.001611,0.028660
1180.000000,0.005400,0.003285,0.001519,0.000946,0.000140
1181.000000,0.003587,0.003207,0.001143,0.001120,0.001611
1182.000000,0.003898,0.003625,0.001314,0.000802,0.000700
1183.000000,0.005030,0.002847,0.001002,0.000690,-0.005962
1184.000000,0.000937,0.002939,0.002361,0.001025,0.008198
1185.000000,0.001939,0.003669,0.002684,0.001202,0.005150
1186.000000,0.002158,0.002872,0.002219,0.001335,0.002704
1187.000000,0.004139,0.004019,0.002245,0.001734,0.010605
1188.000000,0.003901,0.004466,0.002374,0.001111,-0.007150
1189.000000,0.003747,0.002342,0.002904,0.001678,0.007424
1190.000000,0.001618,0.001779,0.002532,0.001606,-0.005494
1191.000000,0.002532,0.002345,0.002776,0.001544,0.007273
1192.000000,0.000616,0.002377,0.003001,0.001669,0.001025
1193.000000,0.002755,0.003328,0.003088,0.001777,0.003545
1194.000000,0.000110,0.001928,0.002433,0.002217,-0.005801
1195.000000,0.002831,0.002224,0.002947,0.002531,0.008112
1196.000000,0.001403,0.001968,0.002420,0.002135,0.000136
1197.000000,0.000300,0.000458,0.002238,0.001649,-0.004490
1198.000000,-0.000422,0.001166,0.002816,0.001971,-0.000068
1199.000000,0.001010,0.000560,0.001451,0.002123,0.001363
1200.000000,0.000081,0.001456,0.001617,0.002173,0.003467
1201.000000,0.000434,0.000919,0.001632,0.002157,0.001898
1202.000000,0.001149,0.000725,0.001551,0.002242,-0.000915
1203.000000,0.003515,0.001546,0.002437,0.002574,0.011761
1204.000000,0.003430,0.002220,0.002074,0.002362,0.000938
1205.000000,0.003498,0.001790,0.002007,0.002561,0.003809
1206.000000,0.002116,0.001275,0.001621,0.002038,-0.005014
1207.000000,0.002834,0.001992,0.001225,0.002156,0.002677
1208.000000,0.002106,0.002811,0.001988,0.002814,0.008122
1209.000000,0.002871,0.003151,0.001855,0.002018,0.004763
1210.000000,0.002637,0.003067,0.002262,0.002101,0.002636
1211.000000,0.004218,0.003167,0.002043,0.002143,0.002892
1212.000000,0.002722,0.002778,0.001751,0.001960,-0.004802
1213.000000,0.000517,0.001311,0.001429,0.002062,-0.002906
1214.000000,-0.007202,-0.002165,0.000027,0.000661,-0.033831
1215.000000,-0.011500,-0.004432,-0.001321,-0.000139,-0.018852
1216.000000,-0.012106,-0.003944,-0.001335,-0.000234,-0.000139
1217.000000,-0.011970,-0.004624,-0.001316,-0.000725,-0.004122
1218.000000,-0.016897,-0.008190,-0.002690,-0.001404,-0.027539
1219.000000,-0.010592,-0.008897,-0.002873,-0.001729,-0.002305
1220.000000,-0.004612,-0.008056,-0.002494,-0.001177,0.011047
1221.000000,-0.004541,-0.008324,-0.002578,-0.001413,0.000214
1222.000000,-0.002778,-0.007374,-0.002298,-0.001290,0.004696
1223.000000,0.006374,-0.005261,-0.001975,-0.000801,0.018219
1224.000000,0.006542,-0.002025,-0.002095,-0.000657,-0.001465
1225.000000,0.002425,-0.001093,-0.002762,-0.001245,-0.009539
1226.000000,0.004694,0.000077,-0.001934,-0.000864,0.011562
1227.000000,0.002764,-0.000007,-0.002315,-0.000880,-0.004959
1228.000000,-0.003063,0.001656,-0.003267,-0.001241,-0.010911
1229.000000,-0.002911,0.001816,-0.003541,-0.001310,-0.000708
1230.000000,0.000225,0.001325,-0.003365,-0.001221,0.006143
1231.000000,-0.002948,0.000873,-0.003725,-0.001428,-0.004304
1232.000000,-0.005091,-0.001164,-0.004269,-0.001920,-0.015677
1233.000000,-0.003787,-0.003425,-0.004343,-0.002458,-0.004391
1234.000000,-0.004383,-0.003647,-0.002836,-0.002612,-0.003686
1235.000000,-0.002993,-0.001384,-0.001239,-0.002303,0.013091
1236.000000,-0.001376,-0.002162,-0.001043,-0.002010,0.003780
1237.000000,0.001403,-0.001844,-0.000926,-0.002158,-0.001781
1238.000000,0.005141,0.000677,0.001166,-0.001952,0.014303
1239.000000,0.002232,-0.001075,0.000370,-0.002719,-0.018233
1240.000000,-0.001003,-0.001998,-0.000336,-0.002910,-0.003083
1241.000000,-0.001946,-0.001661,-0.000394,-0.003037,-0.000934
1242.000000,-0.002526,-0.000562,-0.000863,-0.003033,-0.004684
1243.000000,-0.005344,-0.000101,-0.001763,-0.002929,0.000217
